0.184213489
-0.15009318300000002
0.250392318
-0.00641752267
-0.408860087
-0.331145465
0.0878403708
0.16125087400000002
-0.17837326200000003
0.09951508790000001
-0.23546899899999998
0.316939533
-0.00962273218
0.249974012
0.0224499032
-0.04209112
0.121207066
-0.0570182055
-0.0740099326
0.11900036000000001
-0.263040811
0.00594274886
-0.200946614
0.16173262900000002
-0.0525779352
-0.029268411900000003
0.19871395800000002
-0.00208264193
0.47312262699999996
0.069465287
-0.07302670929999999
-0.14305912
-0.0950881317
0.269222528
-0.23822096
-0.5691788200000001
0.225893334
-0.178646475
0.384422898
-0.12590567800000002
0.245248303
0.185534596
-0.282781571
-0.064353168
-0.16122648100000003
-0.0027621942599999998
-0.113544479
-0.0890037343
-0.131219223
0.00810420886
0.31170883800000004
-0.17433266300000003
-0.11706902100000001
-0.31367659600000003
-0.15600945100000002
0.288684368
0.342507184
0.19790926600000003
-0.31649449500000004
0.246956006
0.0778114125
-0.328193516
0.17216204100000002
-0.0434383638
0.27618521500000004
-0.0281547867
0.17732290900000003
0.120004646
-0.340075046
-0.30969241300000006
0.11501134900000001
0.311725378
-0.267936707
0.31976938200000005
-0.07478117199999999
-0.0930776969
0.247138694
0.276972979
0.24172465500000004
0.23959186700000001
0.275505692
-0.0499918386
-0.0214678925
0.0356254503
-0.12821142400000002
-0.0213386305
-0.058247506600000006
0.183500051
-0.19885358200000003
-0.0771784633
0.045815795699999995
-0.42572102000000006
0.15498624700000002
0.25979358
0.117026821
0.0679549128
-0.314611912
0.00547548104
-0.144102886
0.0637072548
0.204664066
-0.185746446
0.30530375200000004
-0.0372960903
-0.24785283200000002
0.203778625
-0.327422023
0.325006425
0.0720115677
-0.0566728301
-0.24107864499999998
-0.0185774267
0.30618915
0.370938808
-0.121031195
-0.512883842
0.0232624151
0.305776745
-0.147089839
-0.15933805700000003
-0.119827859
-0.191332996
0.0754304081
0.273551345
-0.36024230700000004
-0.44930923
-0.19614619
0.161261007
-0.252579629
-0.46382933900000006
0.240418077
0.149076477
0.14665556
-0.684315085
-0.16487424100000003
0.00856168941
-0.229457378
-0.107219771
-0.342971087
-0.192910567
-0.3428666
0.0220450461
0.44269651200000004
-0.0179327894
-0.0142744957
-0.107338622
0.0994067267
0.25368118300000003
-0.6548624630000001
-0.317495823
0.029605260100000003
-0.432017326
-0.115021303
0.33391860100000004
0.13457448800000002
-0.288335532
0.0617439672
0.141209826
-0.079031691
0.34584885800000004
0.150257036
0.37230584000000005
0.250442058
-0.42138958000000004
-0.271821886
0.0676710159
0.403741777
0.0184328184
-0.09087954460000001
0.040287449999999995
-0.0653336868
0.287857324
0.39675882500000004
-1.61123943
-0.1358798
-0.36865598
0.47072860600000005
0.539657176
0.279891968
-0.676279604
0.0217109267
0.15872080600000002
-0.192482159
0.00879371259
-0.25360444200000004
-0.031948879400000005
0.388787985
0.314644217
0.185073704
-0.39177840900000005
-0.264933348
-0.0235949699
-0.22184330200000002
-1.20125473
-0.405884385
-0.193707809
0.30976966
0.12132099300000002
0.247572124
-0.0446564145
0.0272441451
-0.188289806
-0.12088047
-0.0580475442
0.305148423
-0.105223775
-0.32268351300000003
-0.194230825
0.544554353
0.157215983
-0.18349197500000003
-0.099367328
0.313603044
0.043842393900000005
0.326613843
0.102119662
0.152353883
0.23892363900000002
0.392991513
0.43637478400000007
0.560947776
0.0051195211699999995
-0.402060032
0.09337928890000001
0.4058215620000001
0.45312386800000004
0.104860052
-0.07142537830000001
-0.137543485
0.27261978400000003
-0.35603842100000005
0.19131968900000001
0.112203911
0.21372515000000003
-0.0495449975
-0.16609975700000001
0.0462740362
0.31411302100000005
0.42793908700000005
-0.388617992
-0.190672845
-0.0520352088
-0.41199967300000007
-0.0711614937
-0.242465377
-0.26409772000000004
-0.147952214
-0.0550922267
0.11150755000000001
0.252783448
-0.263540447
0.154469922
0.35707935700000004
-0.7796970010000001
0.160925955
-0.171774641
0.28864800900000004
0.230116963
-0.00519482885
-0.100490548
-0.35458749500000003
0.0743956417
0.0369304977
-0.24896825900000003
0.112829655
0.20187969500000003
0.09216870370000001
0.00165276881
0.06444527950000001
0.225688487
0.10537350200000001
0.00498327706
-0.227810189
-0.09273829310000001
-0.22522300500000003
0.100417607
-0.10648812400000002
-0.10873906300000001
-0.370697677
-0.278378785
-0.39893907300000003
0.274970889
0.322581589
0.17003837200000002
-0.016744697500000003
0.388143212
0.35944813500000006
-0.21433240200000003
-0.0562643372
-0.12990813
-0.0143506862
-0.7421289090000001
0.297026187
-0.0127899228
0.309707373
0.105498113
-0.135496289
0.00638678716
-0.12106925200000002
0.199841827
-0.0115174092
0.22131407300000003
-0.0465663113
0.324354678
0.10474177400000001
0.07403512300000001
0.29028680900000003
-0.290747285
-0.194296077
-0.0796812773
0.20041619200000002
0.366811365
0.292745113
0.116995819
0.0371018127
-0.141500115
-0.0653217286
0.119254947
0.0366162658
0.312527478
0.641000926
-0.0317005292
-0.15511475500000002
-0.145645767
-0.4237427710000001
-0.20597520500000002
-0.08036898819999999
-0.101454183
-0.0984781832
0.130546123
0.276158541
-0.19055579600000003
-0.0257495046
0.0321424752
0.41758120099999996
0.0423944853
-0.26383799300000005
-0.0626556948
-0.16022871400000002
0.19054003100000003
0.0852585882
0.0869363025
-0.36313608300000005
-0.11746271
-0.600909054
0.14226554300000002
0.0476738103
0.113494359
0.343509138
0.28640988500000003
0.18607516600000001
0.180986762
-0.341596365
0.054753836199999996
-0.378473461
-0.5623501540000001
0.19882549300000002
-0.113501951
0.158929393
0.0996433944
0.00279442105
-0.49973622000000006
-0.20395763200000003
0.14822469700000002
0.069604151
-0.270689279
-0.20997344
0.15956960600000003
0.35186457600000004
0.118904196
0.13755546500000002
0.0358969867
-0.176778153
-0.14425014
0.255527347
-0.212419778
-0.044806219599999995
-0.00661476748
0.0441860035
-0.070942536
-0.47530749400000005
0.365527093
-0.276212603
-0.00400989875
0.158897743
0.163119748
0.31746050700000006
0.0337353498
0.00217912183
0.229714647
-0.316946983
0.49730351600000006
-0.224490494
0.12932311000000002
-0.201579228
-0.00024280240200000002
-0.48921927800000004
-0.196706459
0.13368158000000002
-0.0715918168
-0.135023326
-0.110237122
-0.31367898
0.143250272
-0.283436
-0.165315405
-0.0100440281
-0.19681020100000002
-0.35841324900000004
0.20266033700000002
-0.10153632600000001
0.250700772
0.058304451400000006
0.25665107400000003
0.08294991400000001
-0.0124232024
-0.292734653
0.0547624826
0.09111391749999999
-0.23482236300000003
0.0711975098
0.31702894000000004
-0.0761435777
-0.158993885
-0.368199408
0.22331459800000003
0.0280773472
0.00434910087
-0.0527389422
-0.757532656
-0.124799952
0.042024757700000005
0.042074829300000005
-0.027660215300000002
0.0783899948
-0.179133832
0.294341534
-0.185974479
0.210679919
-0.0411909893
-0.329619765
-0.16386741400000002
-0.023307614
-0.18159170400000002
-0.0782473013
0.00011431733600000001
0.10588354600000001
0.0301193558
0.298315436
-0.414286762
-0.265041322
-0.618737876
0.20669806000000002
-0.152124077
0.275860518
0.12657237100000002
-0.0330095999
0.0383345298
-0.265589029
-0.290515721
-0.0238553174
0.122434072
0.18883407100000002
-0.010339751800000001
-0.146975964
-0.063637659
-0.15122939600000002
0.0823117793
-0.194837153
-0.11761399400000001
-0.5608502030000001
0.30378562200000003
-0.0213385187
0.05715175720000001
-0.06317738440000001
0.042398441599999996
0.225499377
0.243438989
-0.0740109459
-0.0245895814
0.35411638
0.715504467
0.312891841
-0.7248900530000001
-0.07699999960000001
0.049544964000000004
0.25906845900000003
-0.193512499
0.15279328800000003
0.25205990699999997
-0.372423172
0.10267119899999999
-0.0627122968
0.15405902300000002
-0.11944819200000001
-0.0441081971
-0.0840833336
0.07514331490000001
0.379928619
0.041684493399999994
0.0040857601
-0.0649833456
0.0183167662
0.320592672
0.41752344399999997
0.280670077
0.172826052
0.44132930000000004
0.273659259
-0.0106050689
0.021045206099999998
0.11636474699999999
0.32057634
-0.137064993
-0.0797367394
0.0726014376
-0.0906037688
0.35476908100000004
-0.0644131824
0.0062619485
-0.195122927
0.37231960900000005
0.0707391426
0.0945968702
0.170670137
0.507739067
-0.30192139700000004
-0.00859184004
-0.164518774
0.254018635
-0.0998280868
-0.564369142
0.201760873
0.037434201699999996
-0.420596898
0.251938015
-0.33653092400000006
-0.12095275500000001
0.06823893639999999
0.21194797799999998
0.12971106200000002
0.00492847385
0.14188545900000002
-0.12044856
-0.0437666252
0.08363525570000001
-0.178124592
-0.485372424
0.0450815521
0.15759217700000003
-0.183329821
-0.244703919
0.205223441
-0.0715003461
-0.00416531693
0.268030167
0.22554178500000002
0.24469633400000002
-0.429370522
0.08637318020000001
0.06891217079999999
0.10478774500000002
0.126761511
0.32089999300000005
-0.07879814510000001
0.0482044369
0.104583681
0.332010925
0.09725572910000001
0.079728201
-0.102162592
-0.6416771410000001
0.38565745900000004
0.10473799
-0.0263201557
0.158943281
0.167065024
-0.25515878200000003
0.17040212500000002
0.12067414100000001
0.055595546999999995
0.23713125300000001
-0.321242452
-0.18112132000000003
0.0353547595
0.381046802
0.260166824
-0.06527920070000001
-0.0701549202
0.5027583240000001
-0.11192326200000001
0.0404064432
-0.25836131
0.058284662699999996
-0.026866696800000003
-0.501411438
0.108009376
-0.130648658
-0.205597118
0.17630665
-0.380041838
-0.190377697
0.148054346
-0.0255614314
-0.21620965000000003
-0.11177157600000001
0.46407589299999996
0.23772655399999998
-0.142724663
0.264644027
-0.0657759309
-0.541097045
-0.223979115
0.21497391200000002
-0.118581899
-0.0725297257
-0.206713349
-0.37480220200000003
0.0234117117
0.0590460077
0.0213466641
0.16432148200000002
-0.4768543840000001
-0.009204750880000001
0.106901757
0.363507837
-0.073424913
0.31470638500000003
0.215805262
-0.041052691599999996
0.346106917
0.309479028
0.23909808700000001
0.0535276718
0.529771149
-0.0968993828
0.239656314
0.15045930400000002
-0.34229970000000004
0.287656695
-0.17332366100000002
0.11792451100000001
0.11975392000000001
0.0884751752
0.0578964725
0.179224744
-0.215691045
0.19269587100000002
0.041355785000000006
0.103109352
0.26352027100000003
0.00114311627
-0.537589312
-0.267573565
-0.17035806200000003
-0.164785281
-0.0882412121
0.192096084
0.07339139280000001
-0.16559827300000002
-0.0424277559
0.107517153
-0.181706995
0.48166498500000005
0.0103958445
-0.10878667200000001
-0.174587399
0.32161358
-0.18749965700000001
0.21701154100000003
0.481859773
-0.116864309
-0.126632392
0.166157216
-0.07415053989999999
-0.027969177799999998
-0.112163343
-0.007409214040000001
-0.18926540000000003
-0.0297397412
-0.0177315399
0.04894381390000001
-0.339590728
0.00184998033
-0.135168701
-0.262491256
0.121980809
0.00170697668
-0.17924296900000003
0.11075902700000001
0.264494866
0.17627818900000003
0.41162848500000004
-0.23551012600000001
0.481413156
0.314964533
-0.0570527725
0.116083004
-0.0155899478
0.127152115
0.0695632026
0.10218133800000001
0.04963533950000001
0.10191842200000001
-0.0303214528
0.0916501731
0.175693989
-0.23204033100000002
-0.17222984100000002
-0.188356236
-0.28914165500000005
0.160684571
-0.202337205
-0.0371925719
-0.120575808
-0.481204838
0.14800095600000002
-0.0885143727
0.0251123141
0.0960943177
0.0818771422
0.0552376397
-0.15797503300000001
-0.312846899
-0.00360034802
-0.605082989
-0.33233246200000005
-0.124915458
-0.11415809400000002
0.0863678679
0.100305647
0.0901538283
0.08962263910000001
0.19611407800000002
0.165475756
0.0513021313
-0.139185891
0.265260756
0.16027388
-0.4704811870000001
0.0198141895
0.146776557
0.315915585
0.10851853300000001
-0.294349998
0.0191801582
0.0876333416
-0.112122953
-0.0879373178
0.308316767
-0.268252999
-0.0457542092
-0.00911957864
-0.340567231
0.45439714200000003
-0.106160685
-0.736779571
-0.295698434
0.08928263189999999
0.18963775000000002
-0.172921017
-0.212794527
-0.0736880153
-0.780016601
0.33829394
0.128855839
-0.053378295199999995
-0.208605349
0.321813285
-0.32144755100000005
0.268993348
-0.104600973
0.046040125200000004
0.289399862
-0.39189797600000004
0.029351417
0.0662347004
0.15290527
0.013246703
0.484266281
0.19330060500000001
-0.0998083577
-0.177747592
0.056148938800000006
0.243984252
0.13593138800000001
0.180768013
-0.751568019
-0.20796635700000002
0.000321719417
-0.10386203199999999
0.515332222
0.194541708
-0.0054465094599999994
0.120549873
0.0529706255
-0.0405650698
0.0303402096
-0.281964034
0.28148827000000004
0.0505811274
-0.0967197716
-0.274678022
-0.0447039455
0.311888218
-0.00233299448
0.302261323
-0.21190032400000003
0.384284377
-0.331650227
-0.061460584400000004
0.089819856
-0.125289917
0.332257211
0.5000262860000001
0.532443941
0.138617754
-0.0135529488
-0.022375755
0.238038525
0.292638302
0.16545519200000003
-0.13518759600000002
-0.156305924
0.085084632
0.12285234
-0.0014990553
0.250450283
-0.42978757600000006
0.09297490120000002
-0.00957481004
0.06111102920000001
0.000344965199
-0.10152300400000001
-0.17990888700000002
-0.15349163100000002
0.0591566078
0.23207591500000002
-0.745268822
-0.0271124337
-0.249366298
0.152815729
-0.23975679300000002
0.25412342
-0.350818962
-0.0655096024
0.440828025
0.0121683059
0.09916769710000001
0.12069502500000001
0.102825634
0.17813023900000002
-0.129178405
-0.457766265
0.22079114600000002
0.321693212
0.157636508
0.222258225
-0.000809404941
0.207643867
-0.17914454600000002
0.253453553
-0.24554710100000002
0.721928895
0.153414607
0.179158375
0.242039412
0.11155772200000001
-0.649514079
-0.0714003965
0.0208582468
-0.11399340600000002
0.0840707868
-0.44084560899999997
0.0350015014
0.0858756453
-0.129419357
0.193529293
0.294837207
-0.18482492900000003
-0.0735690296
0.146277368
-0.358131617
-0.0758593604
-0.011177582699999999
-0.195752054
-0.43212479400000003
-0.334597856
0.0816653669
-0.0333172716
0.505179524
-0.344323575
-0.24847945600000002
0.15041853500000002
-0.10015790899999999
-0.19541244200000002
-0.7162701490000001
0.13622582000000003
0.0017022785000000002
0.135201558
0.0134782083
-0.0009888359350000001
-0.11993306100000001
0.19787757100000003
0.0470753349
-0.143733546
0.11520697200000002
-0.396786898
-0.0940544903
-0.590733469
0.0273244027
0.0963889882
-0.431069225
0.0430415273
0.31387379800000004
0.31760594200000003
-0.09509328010000001
0.0532126948
0.0599410608
-0.0133622149
-0.230187982
0.16913902800000002
0.0595018342
0.179404244
-0.156649768
0.14849703
0.24607923600000003
-0.226733446
-0.22251996400000001
0.333949775
0.16500209300000002
0.131347433
-0.484354854
0.10407546200000001
-0.0873882547
-0.09448309240000001
0.126260757
0.0456121899
0.065881595
-0.040317405
0.158209085
0.15550586600000002
-0.128740087
0.44351464500000004
0.0681437328
0.22677569100000003
0.16402047900000002
0.021938249500000003
0.165940195
0.12158969
0.020842351
0.182572603
0.048451058600000006
0.339235395
-0.481114119
-0.5277162790000001
0.500029922
-0.0209614467
-0.165530205
-0.230649754
0.315325439
-0.24142593099999998
-0.066319935
-0.169239849
-0.00153924851
-0.0226369929
-0.0342809483
0.0573883206
0.168700784
-0.0634999946
0.238798633
-0.198165402
0.0203695539
-0.00697985338
-0.22264708600000002
-0.08711668850000001
0.222958386
0.20986220200000003
-0.10944974400000002
-0.42139127900000006
-0.28286248399999997
-0.163589478
-1.05300999
-0.010749746099999999
-0.249813408
-0.17193454500000002
-0.114972234
0.245540932
0.0621746294
0.30464452500000005
0.16982179900000002
0.376374453
-1.09212601
-0.11837925
0.0143574728
0.375448346
0.31134456400000005
0.030347036200000004
0.300022483
-0.129056096
0.38771948200000006
0.349818379
-0.034520689400000006
-0.0359253213
0.0312709175
-0.17173680700000002
0.033604286600000005
0.009468470699999999
-0.0633207336
-0.16064311600000003
0.555493772
0.116417661
0.10920316699999999
0.18287253400000003
-0.205306038
0.255088001
-0.259702414
-0.043324448200000004
-0.30467146600000006
-0.256052673
0.415194511
0.20197020499999999
-0.956405878
-0.0191891156
-0.0166634191
0.139809325
-0.32217624800000005
-0.027237459999999998
-0.338331014
0.363859594
0.0472216047
-0.20427821599999998
0.058534048500000005
-0.25214809200000005
-0.13869668500000001
0.09339170899999999
-0.405141652
0.151278615
-0.050836280000000005
-0.23368448000000003
-0.237832382
-0.134919539
-0.158320874
0.0267923325
0.0056543229100000005
-0.06826628
0.0764532089
-0.283000648
0.255287111
-0.00691629574
-0.140444502
-0.0376059227
-0.19896370200000002
0.10307617499999999
-0.23872250300000003
0.08391686529999999
-0.265446246
0.12274297300000002
-0.0937599167
0.13608297700000002
0.22077809300000004
-0.0821904615
0.260477751
-0.23078134700000003
0.36095920200000003
-0.163673192
0.243869349
0.30921080700000003
-0.32077315400000006
-0.693793595
0.437716097
0.25795656400000005
-0.7286114100000001
-0.0953914374
0.30423972
-0.297585934
-0.382505715
-0.0913094804
-0.11274951
-0.11927510100000001
0.21846450900000003
-0.00591969304
0.171338126
-0.343348205
-0.30215293200000004
0.0646368787
0.058732576700000004
0.29477822800000003
-0.35003322400000003
-0.24171364299999998
-0.0173284821
0.10915080500000002
0.0383200459
-0.34527722000000005
-0.26952049100000003
0.07949858159999999
-0.012968971400000001
-0.280023456
-0.0669452325
0.111545123
-0.12773338
0.17441453
0.000759429939
0.0769332573
-0.41265377400000003
-0.26344743400000004
0.148872867
0.063765794
0.0775494799
-0.025151522800000003
-0.13162978
0.16627661900000001
-0.19728736600000002
-0.176736429
0.163728938
-0.219834417
-0.13902840000000002
0.10705971000000002
0.125185564
0.0175822824
0.0706229061
-0.171932355
-0.114173725
0.02901401
0.143219903
0.178748712
0.44039347800000006
-0.05298484120000001
0.23210895100000004
0.139952034
-0.31390723600000003
0.191189006
-0.110689029
0.23452551700000002
-0.0974825695
-0.170395598
0.246351495
0.192080304
-0.0688503608
-0.413894266
-0.0733198151
0.43461126099999997
0.381130666
-0.023300115
-0.37752199200000003
-0.30267703500000004
0.0167414472
0.00831378438
-0.19614708400000003
-0.23037719700000003
0.13257879
0.21766777300000004
0.051526512999999996
-0.0580516979
0.20839248600000004
0.300932467
0.287988603
-0.45220985999999996
0.16974502800000002
-0.7742495540000001
-0.225565866
-0.36601996400000003
-0.004636977800000001
-0.9549938440000001
0.0359387584
-0.17921224200000002
0.0800822303
0.0514999665
-0.385825425
-0.297413439
-0.059761364
-0.0573948249
0.049045611200000006
-0.011803381100000001
-0.22093427200000001
-0.317951947
0.35610166200000004
-0.222341269
0.16688416900000003
-0.4320575
-0.0631290525
-0.761034846
-0.34966746000000004
-0.256269872
-0.11093711100000002
-0.503463328
0.453009814
-0.0389959328
-0.383685887
0.12306537500000002
-0.40093979199999996
-0.057328667500000006
0.00506113702
0.273177922
0.39352643500000006
-0.0692500845
-0.0643880069
0.613617718
-0.747252464
-0.0797536597
0.584001303
-0.110820919
0.153829291
-0.265997052
0.0818679035
0.183820114
-0.0579381846
0.38810473700000003
-0.401606053
-0.22279128400000003
0.528312981
-0.387421787
0.172091618
0.028747720600000002
0.0803717151
-0.653316855
-0.00415397063
0.13762427900000002
-0.735219896
-0.135003746
0.017872693
0.379376888
-0.164795086
-0.166481197
-0.049619212700000005
-0.37744844
-0.14829657999999998
0.451631218
-0.630633116
0.0902690142
-0.603268981
0.0395693518
0.09954512859999999
0.0660563931
0.117625698
0.0213702358
0.037911474699999996
0.021605799000000002
0.299735546
-0.025190146599999998
0.289012372
0.04627483340000001
-0.653541923
-0.059781603499999995
-0.17589274
0.027776435
-0.5343628530000001
-0.0163006186
0.073915422
0.635576785
-0.029469814200000003
-0.48512706200000005
0.00113286392
0.113643669
-0.0353464782
-0.259405881
-0.093526639
0.20567737500000002
0.221575856
0.0673101917
-0.370524466
-0.438757807
0.23489026700000004
0.39358598
-1.34452152
0.214341268
0.26696223
0.0856119022
-0.981406748
-0.149687201
-0.20969742500000002
-0.18590451800000002
0.464201778
0.457943141
-0.14965319600000002
0.015635849900000002
0.0575616248
0.0652187318
-0.0023100967500000002
-0.193494588
0.11710768199999999
-0.19525572700000002
-0.0869745016
0.400891006
0.43046090000000004
-0.232324034
0.036104753600000004
0.0240209587
-0.121862523
-0.4349749680000001
-0.033535700300000006
0.438628018
-0.126987353
0.021331353100000002
-0.440953672
-0.0414734632
-0.176049292
0.0208089799
-0.129850045
-0.178588286
0.27553659700000005
0.135010257
-0.0124190859
0.0428932682
-0.39723387400000004
0.102624267
-0.10375493000000001
0.15078640000000001
-0.292520434
-0.046443045100000004
0.059545844800000004
-0.0623155385
0.128297448
0.00588509673
0.31883099700000006
0.118218608
0.0838223696
-0.16460676500000002
-0.20110552
0.145139679
-0.0197967663
-0.0728477463
-0.16910325
-0.174153984
0.245640635
-0.142084882
-0.0107459445
-0.0325945318
-0.146320492
-0.24593989600000002
-0.0334392525
-0.166395769
0.17508617
-0.015339299099999999
-0.144569814
0.233644441
-0.12459020300000001
0.00698234839
-0.06667235490000001
0.15084472300000001
-0.115150914
-0.0601675734
0.182542145
0.120418333
-0.417202294
-0.30840626400000004
0.137008995
-0.0867626742
0.17759750800000002
-0.252112687
-0.493262321
-0.0160018727
0.00548158959
-0.30619528900000004
-0.018593002100000002
0.116843686
-0.660706162
0.08324764670000001
-0.22156877800000002
-0.123974688
0.0318538472
0.008763957769999999
-0.145602539
0.130092993
-0.0116468081
0.0037265785500000003
-0.463015437
-0.13749218000000002
-0.672764361
-0.28660064900000004
0.47748753400000005
0.164446115
-0.0283417087
-0.13964210500000002
-0.20336900700000002
0.18530716000000003
0.14289555
0.11503556399999999
0.11134572300000001
0.0254252162
0.0550348833
-0.166265994
0.0407860689
-0.020201463300000003
-0.46483138200000007
0.43003958500000006
0.0108950064
-0.08674474809999999
0.185743645
0.225684777
-0.13429881600000002
-0.5549551250000001
0.363718808
-0.028493382
0.036028564
-0.0202462506
0.0484879166
0.231470019
0.18406300200000003
0.32722923200000004
0.20818509200000002
-0.0834033489
0.168418184
0.0222508926
-0.129552037
-0.148635551
0.26585748800000003
-0.285608739
0.370358407
0.00588397356
0.0121316323
0.0117459819
0.189333305
0.244856238
0.410277545
-0.44662773600000005
-0.24344821300000002
0.05235458170000001
0.036030247800000005
-0.25442984700000004
-0.026793228500000002
0.102975667
0.27259621
-0.08000277730000001
0.025152659
-0.10709101000000001
-0.021372938499999997
-0.0674473271
-0.26241654200000003
0.0902647451
0.235748306
0.0330850296
0.184436128
-0.13708008800000002
0.0783935711
0.35784235600000003
0.058217063500000006
0.0438114181
-0.21232040200000002
-0.288150191
-0.35296082500000003
-0.36810490500000004
-0.071870923
0.343799055
-0.21365220800000004
-0.368558586
-0.682738543
-0.0210130215
-0.129438743
0.33980903
0.4015623930000001
-0.223529831
0.120965131
0.09389418360000001
0.039827000300000005
0.12252795000000001
-0.0778402314
-0.38935038400000005
0.0924311802
0.24203676000000002
-0.38791757800000004
0.341817528
0.00237395172
0.08092853430000001
-0.230786487
0.060740169100000005
0.397038072
0.29073116200000004
-0.0682743415
-0.14555932600000002
-0.320201367
-0.26322186
-0.0209986586
0.290499896
-0.20188613200000002
0.31802445700000004
0.20198355600000004
0.040008183600000004
0.0356045626
0.0170340054
-0.22685719999999998
-0.34823966
-0.100646332
0.503920078
-0.16877313000000002
0.185989588
-0.21257285800000003
-0.0767493993
0.0756473616
0.04049908000000001
0.0524445958
0.0543350838
-0.17458626600000002
-0.0504610762
-0.148982599
0.16978004600000002
-0.18589359500000002
0.102418691
-0.297602296
-0.161159918
-0.22820620200000002
-0.147751674
0.0327440016
0.15468376900000003
0.20850764200000002
0.403023094
0.20086655000000003
-0.165462255
0.23366163700000003
9.71454865e-05
0.07671850919999999
0.0992759019
0.18643537200000002
0.0498057939
0.00933994353
0.139120251
-0.167072341
0.0192112643
-0.29093879500000003
-0.11021367500000001
-0.13865564800000002
0.0922282636
0.32235679
-0.135192648
-0.22680530000000002
0.051779065299999996
-0.00427187374
0.134952039
-0.025804488
-0.16212332200000001
0.25177869199999997
0.456429332
-0.15403775900000002
-0.272299349
-0.0507859513
0.18827828800000002
-0.289738894
0.0017226621300000002
-0.154717848
0.178481355
0.0672427192
-0.20365543700000002
-0.38351070900000006
0.0870225579
0.0842576474
0.0764982328
0.16687543700000002
0.298187733
-0.103193812
-0.46106877900000004
-0.124803454
-0.0291994922
0.387594849
-0.553825319
0.0240363404
-0.457448632
-0.305026591
-0.225000024
-0.249830529
0.074776046
0.22180740499999999
0.00012795752300000002
-0.0377504639
0.345426261
0.118044145
-0.176654115
0.310118139
-0.09712680430000001
0.300504684
-0.458548516
-0.42534095000000005
0.234608173
0.348297685
-0.0888884962
0.11762143700000001
-0.21583817900000002
0.21087609200000001
0.171178728
0.11391384200000002
-0.0313865319
0.33872854700000005
0.19504942000000003
0.038510404500000005
0.16230797800000002
-0.0174581222
-0.48226392300000004
0.09337478880000001
0.0384309851
-0.19690971100000002
-0.0311817098
-0.13228392600000002
0.38088586900000004
-0.000984777929
-0.0076703089300000004
-0.0406186767
-0.7016993170000001
0.09233825650000001
-0.0152874906
-0.101985753
0.31020137700000006
-0.156890929
0.13282179800000002
-0.0442791171
0.08703316750000001
0.12097274499999999
0.116626136
0.0949200094
-0.0818305314
-0.229453877
0.185515538
0.19519290300000003
0.009512191639999999
-0.5708032850000001
-0.43269679
0.0513013937
-0.16717200000000002
0.320410401
-0.23590980500000003
0.182997867
-0.375561595
-0.20284655699999998
0.15380354200000002
0.34736585600000003
0.36460048
0.131854728
-0.10453768800000002
-0.0901233107
-0.151583955
-0.029508443500000002
-0.18182227
0.0797908232
-0.291930944
0.20010374500000003
0.15023756
0.244119927
0.279380381
0.23338134600000002
-0.35191130600000003
-0.0884323865
-0.09689009929999999
-0.24828164300000002
0.260156125
0.0735059008
0.280440986
0.0880039707
0.447394848
0.15880698000000001
0.49773261
-0.42525595400000005
-0.228424713
0.0357381292
0.24513073300000002
0.18121473500000002
0.13525235700000002
-0.268694341
0.135610104
0.0526271015
0.18419694900000003
-0.140657783
-0.38584581
0.388581157
0.00518877059
0.10291627800000001
-0.11221660700000001
0.40018233700000005
0.11007133899999999
-0.033536125
0.19076125300000002
0.456065983
0.10135556
0.23093275700000004
-0.24040770500000003
-0.15705952
0.0845898911
0.19141991400000002
-0.0455958173
-0.14241834
0.0455591828
-0.077157259
-0.233128265
0.0321994834
-0.0654305443
-0.148404911
0.0823759437
-0.025041170400000003
0.026445513599999998
-0.0211658496
-0.0985052288
-0.0223090854
-0.19884541600000002
-0.0187689103
-0.0641728565
-0.0586574897
-0.301161349
0.0479044951
-0.172205403
-0.19825299100000002
-0.109765403
0.019622618300000002
0.0371843725
-0.0112965824
-0.342696905
-0.42243379400000003
-0.19202111700000002
-0.25319817699999997
0.404237628
-0.0329283662
-0.110991634
0.31728017300000005
0.0610875301
0.41869193300000007
-0.162377059
-0.39701265100000005
-0.168476671
0.09328953920000001
0.174693942
0.22601485300000002
0.0996625423
0.105602413
-0.00058964151
-0.34529992900000006
0.16189177300000002
0.058685869
0.5745911
-0.7326879500000001
-0.107070684
-0.0726677924
-0.16304999600000003
-0.0147432722
-0.149452314
-0.16954681300000002
0.10968546600000001
-0.037856105699999996
-0.224116459
-0.09903799740000001
0.172209516
0.128959447
-0.115451954
-0.12487942700000002
0.0708671883
0.0740827993
0.030170265600000003
-0.0585333779
-0.0787630975
0.37369695300000005
-0.0781521872
-0.198562711
0.105740398
-0.137478039
-0.149139613
-0.316876233
-0.264873356
-0.24338141100000002
0.38633793600000005
-0.282028109
-0.167905554
-0.0266777799
-0.121934824
0.0306820851
0.0465445668
-0.142210901
-0.0270203501
0.152572647
-0.046494297700000006
0.22538571100000004
0.22783729400000002
-0.00688273041
0.0943486392
-0.17186027800000003
0.30965808
-0.07425802199999999
-0.255477697
0.152604431
-0.12132822700000001
-0.524043918
-0.65143162
0.14029555000000002
-0.25326776500000003
0.0262858551
-0.4000874160000001
0.0349507034
-0.07458627220000001
0.123196661
0.238519341
-0.151126802
-0.448809922
0.23304265700000004
-0.169904828
0.10140526999999999
0.11142759
-0.19877101500000002
-0.060066960800000006
-1.04682708
-0.231981352
0.306741089
0.036112222799999996
0.24912807300000003
0.160939261
-0.23580347000000002
0.449370533
-0.0263888929
0.0719194189
-0.21972918500000002
-0.274183542
0.177289799
-0.133909613
0.026782987600000002
-0.0135700107
-0.041688703
0.0555564873
-0.22762484800000002
-0.571950555
-0.107180826
0.426468432
-0.030313592400000002
-0.136161447
-0.0556775071
0.370170683
-0.183669686
0.16533850100000003
0.221732199
0.18941026900000002
-0.187267169
0.0477253273
-0.0763153359
-0.232952252
0.15336597000000002
0.509182155
0.105636269
-0.194180444
0.41403392
0.130478188
0.36566117400000003
0.200239107
0.481721133
0.023883953700000002
0.186186463
-0.0552992523
0.34112978
-0.0444489121
0.189640492
0.0705184489
-0.279104114
0.432020962
0.265319198
-0.265964478
-0.495280296
-0.194521517
0.101273492
0.287174672
-0.0717556253
-0.174367681
0.0644698665
-0.190887243
-0.18980790700000003
0.078369081
-0.4359723630000001
-0.184106544
0.15868276400000003
0.36083337700000007
0.00699823443
0.0379943959
0.34685230300000003
0.21860565200000004
0.15869401400000002
0.285521179
-0.39433309400000005
-0.356684595
-0.0565344803
-0.915767312
-0.190267861
0.00807674043
-0.211090028
0.18900376600000002
-0.160657838
-0.297842622
-0.19755518400000002
0.43721896400000004
0.09507091340000001
0.0773886964
0.0943949595
0.30091363200000004
-0.07875315100000001
0.0957968682
-0.17750553800000002
-0.27995517799999997
0.212794334
-0.535292685
-0.30307129000000005
0.164238811
0.21836994600000004
0.348614454
0.21514685500000003
-0.6589059230000001
-0.37202882800000003
0.171438262
0.39876258400000003
-0.027571667
-0.356179595
-0.0969583839
0.0776470751
-0.29994726200000005
0.459132582
0.30959475000000003
-0.36667552600000003
0.0293199122
0.151074067
0.23186861
0.28924521799999997
0.0436407179
-0.618636847
0.294680893
0.0986589119
0.0972213
-0.029251562400000004
-0.12877769800000002
-0.0425157547
-0.0294673946
-0.065344654
-0.08604880420000001
0.41094693500000007
-0.13143116200000002
-0.222467557
0.205620155
0.394749522
-0.17661656400000003
0.415526092
-0.34941151700000006
0.0435699932
0.5003654359999999
0.159890831
-0.144949451
0.23462671000000002
-0.214976341
0.120824352
-0.26992768
-0.18566680000000002
-0.106046826
0.216691017
0.154442653
-0.30999353500000004
0.341317683
-0.371635765
-0.331237555
0.0449466705
-0.23812547300000003
0.434125662
0.17158344400000003
0.12444679400000001
0.27083227000000004
0.249122843
0.20852759500000004
0.0116191041
-0.256217599
-0.050580840599999996
0.43175646700000003
-0.30202719600000005
-0.0861748606
-0.22821752700000003
0.0504758582
0.052764941
0.11136402200000001
-0.0313520953
-0.13949751900000001
0.556884587
-0.293120593
0.055400636
-0.299265891
0.176734701
-0.535277784
-0.21621345000000003
-0.22853668
-0.0913425088
0.141290754
-0.10179910800000001
0.025999302000000002
-0.9148410560000001
-0.06522683800000001
-0.120306194
-0.0100599471
-0.47228550900000005
0.18913267600000003
-0.31976077
-0.0647142753
0.0483869836
-0.081639789
-0.0928871706
0.0202089623
0.0213300884
-0.0949292481
-0.40067100499999997
0.33729669500000004
0.0350891985
0.576036513
0.27978161
0.44502934800000005
-0.029478484800000003
-0.23729413700000002
-0.24908357900000003
-0.23443523000000002
0.39846658700000004
-0.32567089800000004
-0.30076095500000005
-0.449032187
-0.354357183
-0.019823594
-1.02785707
-0.508616507
0.14080523
-0.121862732
-0.0584501959
0.0180335771
0.006349189670000001
-0.15078868
-0.252816468
0.290768951
-0.849348247
-0.267744929
-0.057215232399999996
0.289644063
0.18217437000000003
0.187005162
0.037724878600000004
-0.112723507
0.114771023
0.25459223999999997
0.315529555
-0.31362444200000006
0.270721763
-0.13294830900000001
-0.140035257
-0.0705335438
0.0533754081
-0.561784923
-0.277877629
-0.08558550479999999
0.5911825300000001
-0.308947444
-0.11749978400000001
0.20788468400000004
-0.15048089600000003
-0.141091809
0.18050971600000001
-0.340841979
0.145228401
0.30012488400000004
-0.546189725
0.3789213
0.167264745
0.261876494
0.220461503
0.396322042
0.0098654991
0.0313706584
0.0919973478
0.283645511
-0.11817898600000001
0.240923375
-0.481123805
-0.222674161
0.208834201
0.175520733
0.16174478800000003
0.09982839970000001
0.22655065400000002
-0.030933653900000004
-0.247212648
0.36601993400000005
-0.0386838317
-0.32179364600000004
0.611636281
-0.364284217
-0.197625086
0.12090773100000002
-0.30901292
0.00209362619
0.5677002670000001
-0.0196647123
-0.27459377100000004
-0.11173002400000001
-0.22411659400000003
0.10358937100000001
-0.0977331698
-0.0367732979
0.190276831
0.23533012000000003
-0.212254569
0.0316256694
0.277527153
-0.0202830099
0.0456096865
0.0360237993
-0.12506119899999998
-0.403407991
0.21301834300000003
-0.258791804
-0.216616213
0.06887149070000001
-0.095494777
-0.12169589800000001
0.107517339
-0.24500896000000003
-0.13642475
-0.028183042999999998
0.00256150239
0.24908253600000002
0.192827195
-0.0634625629
-0.0630733371
0.346249074
-0.155320555
0.415902883
-0.08627231419999999
-0.053464230099999996
-0.0645453483
-0.13857159
-0.0330936946
-0.0194863714
0.0151609918
0.296013802
-0.0382094942
-0.257525206
0.11700145900000002
-0.40525531800000003
0.09627192470000001
0.273609132
-0.17630742500000002
-0.194209129
0.125684083
0.44988510000000004
-0.10614451800000001
0.30092597
0.420323789
-0.254150778
0.41886365400000003
-0.201182589
0.125471503
0.0491176136
0.15039400800000002
0.445188195
0.42603918900000004
0.23914694800000003
-0.186783463
-0.157420173
-0.197853073
0.11954199500000001
0.265072048
-0.23142774400000002
-0.19314713800000002
0.6373963360000001
-0.128733486
-0.23881033100000001
0.0187224206
-0.11412979700000002
0.32060661900000004
-0.16297428300000003
-0.12251056
-0.297763944
-0.00255905744
-0.12742655
0.14625442
0.0852002501
-0.13188961100000002
0.09427173440000002
-0.262083888
-0.48437351
0.12474618900000001
-0.303841949
0.020326199
-0.147450104
-0.262260854
-0.186270177
0.171580642
0.025849744700000003
-0.032761696699999995
-0.326482147
0.131366283
-0.028465894999999998
0.0438756086
0.1810752
-0.922563314
-0.270202458
0.11694300900000001
-0.12659737499999998
0.0438009985
0.07829105110000001
-0.094568029
0.265334755
-0.043284803600000005
-0.537411869
0.0710095912
-0.08199992780000001
-0.192725211
-0.0470565781
-0.308754444
-0.13652885
0.0984002575
-0.0335181765
-0.295379579
-0.309679925
0.10460615900000002
-0.0550471693
0.38810199500000003
-0.599911571
-0.0912903845
-0.528037846
-0.480754137
-0.010294673
-0.00311483652
0.373735547
0.210259303
0.171400726
-0.0465655252
0.00627956772
0.0757393762
-1.6381598500000002e-05
0.37109100800000006
0.107024334
0.10523072600000001
0.09605925530000001
-0.23211690800000004
0.23443907500000002
0.00989899784
-0.23307415800000003
0.176343799
-0.0200552009
0.149240583
-0.18398788600000002
-0.0964115262
-0.40334150199999996
-0.180606976
0.0569701493
0.380996913
-0.306297362
-0.138427153
-0.187274396
0.11969833800000002
0.51279676
0.212642595
0.00609061215
0.024608545
0.721710265
0.7490441200000001
0.256015778
0.265856236
0.2062383
-0.256702662
0.3085531
-0.225326747
0.356708139
-0.559249282
-0.0183765721
-0.140810624
-0.28724971400000004
0.281852484
-0.19566595600000003
0.4862534110000001
-0.362888992
-0.25112259400000003
0.196984231
-0.07930367440000001
0.185304031
0.23218643700000002
-0.0141386017
-0.129596338
-0.132831693
-0.754044652
-0.4585148990000001
0.363222301
0.0639068037
-0.219444185
-0.10691594300000001
0.15015165500000002
-0.013160632000000002
0.0736532584
-0.0498082712
-0.0254292022
0.018219221400000003
-0.0634364486
-0.0903701261
0.47573131300000004
-0.20281969000000002
0.0119084688
0.43887588400000005
-0.174620479
-0.180422366
-0.0628023669
-0.10020139100000001
-0.10592620100000001
0.147672951
-0.0421853736
-0.38952872200000005
0.0355706997
0.15848904800000002
0.0209305733
-0.06038409470000001
-0.269678563
0.46797016300000005
0.31513550900000004
-0.15706780600000003
-0.13044406500000003
0.369332671
-0.0696286336
0.300242841
-0.32267859600000004
0.269399226
-0.19576130800000002
0.23054072300000003
-0.142009005
0.213872567
0.15777622200000002
-0.33234366800000004
-0.231018424
0.34107643400000004
0.088236548
-0.11921616600000001
-0.0830630139
0.071214743
-0.258616477
0.0488350652
0.0008468945740000001
0.22867901599999998
0.186560631
-0.273139954
-0.261318624
-0.170192167
0.0174928773
0.270611048
0.282213002
-0.0308446474
-0.21645435700000004
-0.17793507900000002
0.12133131200000001
-0.231675833
0.0414620303
0.27253142
0.35672947800000004
0.0707852766
0.104461476
-0.00697964244
0.25642246
-0.449386418
-0.177793831
-0.201827988
0.214846
-0.147339866
-0.11569409100000001
-0.45271503900000004
-0.17135597800000002
0.24585606200000001
-0.20581670100000002
0.33916047200000005
-0.131802991
0.49610558200000004
-0.031222222400000003
0.290593714
0.0688079894
-0.299459755
0.11762087000000002
0.24522703899999998
0.47967487600000003
0.234737948
-0.343842596
-0.16319544600000002
-0.0228955485
0.20157362499999998
0.296748042
0.36505422
-0.196086243
0.0430433117
-0.24764320299999998
-0.0189194791
-0.215780094
-0.08108190450000001
0.15758107600000001
-0.359824389
-0.12139103600000001
-0.216896057
0.17000104500000002
-0.473706245
-0.47735017500000004
0.37614998200000005
-0.22173276500000003
0.058968830900000005
0.16632109900000003
0.249161497
-0.105462305
-0.0246143583
0.00234852545
0.0805798545
0.0900094584
0.65369606
0.550093651
-0.227802947
-0.10760628400000001
0.07423092419999999
-0.0410248376
0.122677833
-0.240980297
-0.0261313096
-0.006884926
0.140529752
0.151926726
-0.37739616600000003
0.060274969799999994
-0.153712019
-0.0683706403
-0.23748312900000002
0.412480026
-0.052684333199999996
-0.041399199500000004
-0.20607401400000003
-0.31670844600000003
0.08514175560000001
0.163974419
0.116938546
0.26807788000000005
0.57182622
0.20673787600000001
0.41005367000000004
0.046192251100000005
-0.061899714200000004
0.105782025
0.0974872112
0.576613963
0.0436953269
-0.388889343
0.20770814999999998
0.0216777492
-0.13414847900000001
0.143181354
0.04308891670000001
0.22921609900000003
-0.00974977668
0.440395176
-0.12001296100000002
-0.8912839890000002
-0.0573293082
-0.173642188
-0.26511362200000005
0.068597205
-0.06632065029999999
0.357776046
-0.11350359000000002
-0.18711544600000002
0.242654517
0.6206027270000001
-0.0882701054
0.246100157
-0.22163327000000002
0.251508504
0.13317059
0.0370562375
0.5071973200000001
0.0859646648
-0.0349111706
-0.1422057
-0.0895236358
0.294546187
0.0970998332
0.208036184
-0.134258166
-0.13742235300000002
0.273172766
0.141080484
-0.146586403
-0.272221267
0.128451526
0.129031256
0.0208313782
-0.238397822
-0.26189366000000003
0.272939652
0.1096396
0.169408619
0.302380472
-0.33617612700000005
0.357181996
-0.165306255
-0.191941261
0.23560391400000003
-0.44211256499999996
-0.238175839
-0.28473913700000003
-0.0571037456
0.12543129900000002
0.0333189107
-0.23831363
0.39736598700000003
-0.20677562100000002
-0.218384579
-0.0737126768
-0.213539362
0.112955108
-0.0656313151
-0.39264693900000003
0.0514808595
0.439571887
-0.24822808799999999
0.15998415600000002
-0.09355644140000001
0.0955781266
-0.15305711300000002
-0.158568308
0.012741976399999999
0.0918520764
-0.214749336
0.11436971300000001
0.0701595992
0.11928833999999999
-0.09092959020000001
-0.287958413
-0.037818610700000005
0.17752547600000002
-0.13322483000000002
-0.10692963
0.28987270600000004
-0.247537047
0.17897342100000002
-0.20563204599999999
-0.010835469700000001
-0.0151669141
-0.42641413200000006
-0.23239290700000004
0.377380937
-0.154278904
0.23274694399999998
0.0763604194
0.274559587
0.0360182822
-0.0334184133
0.271112591
0.110926628
0.11483173099999999
-0.221408233
-0.0989937857
0.0185956564
-0.183638081
-0.186815947
-0.0507723354
0.233683512
0.236237124
-0.138365999
-0.0853011757
-0.0184139125
0.166440323
-0.115144663
0.035860166000000006
-0.0329435728
0.107340761
0.130271465
-0.20318670600000002
-0.138764217
0.100857615
0.00674505811
-0.0636715144
0.0308857728
0.064558126
0.193880737
0.459361851
-0.023155005599999997
0.0674230009
0.051128320399999996
0.32668298500000004
-0.442431778
-0.37893778100000003
-0.187203586
0.15517623700000002
-0.221658871
0.0963409021
0.143433064
-0.130008578
0.124022089
-0.10488425900000001
0.10373801
-0.041057396700000005
-0.0237884633
0.065125078
-0.034178894
-0.0268979687
-0.07730668780000001
-0.17593222900000002
0.389652669
0.22842446000000002
0.0404928215
0.0025787050800000003
-0.21710547800000002
-0.09803760049999999
0.138260245
0.201927274
-0.31139642
0.10974811000000001
-0.23741041100000004
-0.0250688381
0.13864590200000002
-0.0432685055
0.181171298
-0.34323674400000004
0.10161840200000001
-0.050167575500000006
-0.110507838
0.412787408
0.19863902
0.07933972780000001
0.10522329100000001
-0.29423821
0.0207530856
0.0753764659
-0.0723029822
0.264397293
-0.26180073600000003
-0.16913645
0.059235651
-0.173638061
-0.446082383
0.0784482658
0.13386620600000002
0.1000605
-0.0846752375
-0.0922951698
0.0390549637
-0.258334965
-0.18153315800000003
-0.128848627
-0.12548846
0.20200339
0.406155318
0.34533897
-0.36439397900000003
-0.15268608900000002
-0.0742837191
-0.0593506657
-0.0920329988
-0.141071677
-0.12414480000000001
0.101442009
-0.215377375
-0.05709133300000001
0.27472704600000003
0.00454565883
-0.245388255
-0.139483422
0.169417292
0.4451786280000001
0.246258482
0.278935611
0.45337840900000004
0.38396346600000003
0.010796290799999999
-0.379074723
0.0466624461
-0.070322454
-0.0608980358
-0.35349312400000005
0.0268402677
-0.351472169
-0.20813603700000002
-0.00014505817700000002
0.262054652
-0.25796678700000003
0.08294816320000001
-0.18516753600000002
0.396145552
-0.15868175
-0.35147732500000006
0.23203197100000003
-0.256939173
0.10392793300000001
0.021526781800000002
0.0183685962
0.300660312
0.299959898
0.0901095569
0.08215026560000001
-0.09837075320000001
-0.231354147
-0.295055032
0.27060321
-0.32902199
0.102777012
-0.0466463938
0.15868525200000003
-0.342489928
-0.0847944841
-0.0165308416
-0.27862542900000004
0.191499516
-0.41745105400000004
-0.1703576
-0.13637203
0.32024616
-0.0431466885
0.0060527008000000005
0.146681771
0.228479624
-0.239807457
0.0763792023
0.266294509
0.17563304300000002
0.0975019559
0.0816041827
0.280252457
0.21646513
0.0698411316
0.0768228024
0.0329494178
-0.192575514
-0.045277401800000006
0.294886947
-0.10299955300000002
-0.0381565802
-0.211724401
0.05316900460000001
-0.00997277815
0.23850227899999998
-0.490826041
-0.253269911
-0.0475765727
0.21069383600000002
0.296753466
-0.023612536500000003
0.0610342622
0.144781932
0.0294697955
0.00198500394
-0.18337638700000003
-0.405101687
-0.0713630393
0.34175440700000004
-0.177980348
0.288916618
0.322996736
-0.296825171
0.0093595162
0.32557463600000003
-0.037561740700000006
0.0381994508
0.128168985
-0.23141510799999998
0.42925289299999997
-0.113552503
0.400860071
-0.0650084093
-0.20905817999999998
0.30435878000000005
0.371603936
0.09700298310000001
0.31518510000000005
-0.24013783000000002
-0.021811027099999998
-0.38144263600000006
-0.25135597600000004
-0.150945723
0.041421681599999996
-0.222953111
-0.192266122
0.00450679613
-0.17153373400000002
0.15101814300000002
-0.5003893380000001
-0.0300001521
0.21967303800000001
-0.0773425326
-0.127242982
-0.0694601685
-0.008773763660000001
0.187742934
-0.155615479
0.28926608
0.30822920800000003
0.26020804000000003
-0.206311405
-0.554131746
-0.5498191120000001
0.125964448
-0.149488002
-0.199898437
-0.20027299200000004
0.0233312994
0.029156750100000003
0.0184992235
-0.18158005200000002
-0.132819489
0.592782497
-0.269966841
0.0432797
0.246425852
-0.155049652
-0.046176318099999995
-0.119404688
-0.061581220500000006
-0.0948225483
-0.6133964660000001
-0.13312763000000002
0.0734045431
-0.312559992
-0.0474976078
0.0777000263
-0.342075318
-0.041815418800000004
0.08687134090000001
-0.265356034
-0.158007681
0.242340028
0.242675617
-0.21275001800000004
-0.131001905
0.029692761600000003
0.0330187827
-0.0102510704
-0.0214583632
0.20119988900000002
0.026876550199999998
0.139726862
0.15415978400000002
0.1432717
-0.28497844899999997
0.0732249618
0.298820615
-0.045961987200000005
0.24795866000000003
0.28780683900000004
0.45929977299999997
0.15403227500000002
-0.0259248149
0.0079183802
0.4076495170000001
-0.44229948500000005
0.111107066
-0.19617046400000002
0.0188295729
-0.07209828500000001
-0.0493864231
-0.25242796500000003
-0.359831691
-0.388707787
0.170770302
0.15945418200000003
-0.199896827
0.16532917300000002
0.057972449800000006
-0.290475965
-0.541577637
-0.0563985631
-0.044236928200000004
-0.27969184500000005
-0.10900984000000001
-0.31239983400000004
-0.026995489400000003
0.0709721446
0.17534253
-0.0670578554
0.0501009151
-0.127539635
0.0727575198
0.00799651444
-0.0654290095
0.32853505
0.32372364400000003
0.0698442608
-0.279710919
-0.0205452908
-0.16131046400000001
-0.195331007
-0.225546882
-0.322974592
-0.0366460383
0.070746161
0.183219761
0.0850021243
-0.365644664
-0.38877356100000005
-0.227081686
0.07743222270000001
0.321025431
0.230772406
0.48438152700000003
-0.279482335
-0.8233795170000001
-0.0434150994
-0.44396397500000007
0.19826450900000003
0.0596672744
0.381692499
0.351643264
0.258014381
0.15715894100000002
-0.229277477
0.0639781356
-0.101694271
0.027019104000000002
-0.350417554
0.17820064700000002
-0.404235989
-0.346108079
0.048252966300000005
-0.503436387
-0.35306444800000003
0.135353372
0.127804071
-0.0472418852
0.3063232
0.0888975039
-0.15335513700000003
0.26042291500000003
-0.0353823788
0.11921020600000001
-0.293907464
0.367538005
-0.333594382
-0.07893015440000001
-0.770350814
0.09404389560000001
0.019321050500000003
0.274582207
0.128167331
-0.597759485
-0.08421318230000001
-0.192167699
0.0540915653
0.122061446
0.39693474800000006
-0.12949249100000002
0.00637177983
0.14225319
-0.0400301218
0.34564009300000004
-0.12419282599999999
0.17993724300000002
-0.331326842
0.190604076
-0.592334867
-0.303853422
0.253011882
-0.20486018100000003
-0.16272825000000002
-0.289992809
-0.0412726402
-0.297341973
-0.0572672971
0.206317782
0.0706382319
-0.39636829500000004
-0.37341371200000006
-0.21846747400000002
-0.35149669600000005
-0.26154670100000005
-0.189552471
-0.28606018400000005
0.0151741281
-0.09698675570000001
-0.41575059300000006
-0.24443434200000003
0.044042822
-0.415997565
0.031141188
0.21544325400000003
0.43900585200000003
-0.058431971799999996
-0.15755063300000002
0.14341668800000001
0.537689865
-0.11725312500000001
-0.0889454857
0.134449869
0.145307228
-0.212426558
-0.262047678
0.179405123
0.48342171300000003
0.37636715200000004
-0.0719315708
-0.057682458299999996
0.515370011
-0.30401915300000004
0.65073961
0.11950828899999999
-0.016207275900000002
0.210386127
-0.25570064800000003
0.113223195
-0.23249550200000002
0.12313465800000001
0.0240560099
0.19242562400000002
-0.09295704960000001
0.16731493200000003
0.123191565
-0.33885833600000004
-0.298862398
-0.190562159
-0.0918140486
0.064493306
0.398030639
-0.328365952
0.426661998
-0.08957497030000001
0.34274604900000005
-0.545570433
-0.19310133200000001
-0.0681282133
0.25014063700000005
-0.0751020014
-0.318529755
-0.6711035970000001
-0.27182591
-0.131610319
-0.177473336
-0.161455154
-0.200243846
0.19345352100000002
-0.25546819
0.028605867200000003
-0.20506092900000003
0.179967314
-0.26385393700000004
-0.042182773400000005
-0.208300903
0.429946423
-0.6194653510000001
-0.35470813500000004
0.261287957
0.44707742300000003
0.060183193499999996
0.0295391046
0.132719994
-0.113663666
-0.10377801200000002
-0.30992156300000007
0.125110298
-0.0663072914
-0.350064784
0.262799084
-0.6773351430000001
-0.394886404
-0.0365416594
0.301321834
0.00108101207
-0.17230978600000002
0.15270054300000002
0.10738652200000001
-0.062195021700000006
0.39466670200000004
-0.43359425700000004
-0.11798690300000002
-0.0102971829
-0.0353917927
0.140240461
0.00389495143
0.158348918
0.305388093
-0.207876578
-0.177850842
-0.588481367
0.113707632
-0.007260574959999999
-0.10081642099999999
-0.0581757501
-0.43846866500000004
0.10488177800000001
-0.242163256
-0.315261483
-0.308312744
-0.0697192922
0.210024789
0.161754057
0.00977402646
0.229175225
0.0575650148
-0.0371417254
-0.11262116600000001
0.152136564
0.0218164772
-0.26780954
0.205902219
-0.361327142
-0.08891920750000001
0.282280594
0.282971919
0.0937598497
-0.09400424360000001
0.08518218250000001
0.08134551350000001
-0.044258073
-0.00552423205
0.10687808700000001
-0.0478694998
-0.184127867
-0.17585517500000003
-0.0963339433
0.311523557
-0.11296802800000001
-0.14743734900000002
-0.18511261
-0.269342363
-0.286795497
-0.0377983488
0.119366288
0.435571164
-0.174711153
-0.488682151
0.276084542
0.28834331
0.26593112900000004
-0.11654948400000001
-0.16773736500000003
0.14330411
-0.12513317200000001
0.0628128275
0.0255035963
-0.10785147500000002
-0.107897878
-0.20526216900000002
0.207573757
-0.00615246594
0.11239194100000001
0.233119026
0.15399625900000002
0.30965334200000005
0.15307042
0.09870647639999999
0.0253251065
0.012845193
0.08521232749999999
0.298412681
0.107721545
0.08979500829999999
0.17653077800000003
-0.238529921
-0.168497801
-0.15484677300000002
0.000167658829
-0.110753402
-0.186781585
0.29309096900000003
-0.26148718600000004
-0.060283362900000005
0.170540959
0.07020945099999999
-0.254431576
-0.0750663728
-0.19756642000000002
-0.23922573
0.176939294
0.0941537097
0.16037879900000002
0.157109529
0.11274547100000001
0.0334080867
-0.11304667600000001
-0.331106454
0.022271549300000002
0.12611997100000003
0.239235774
0.035040773500000004
0.134114593
0.0414245501
0.18019478
-0.157103345
-0.127494738
0.036415908500000004
0.16111761300000002
0.053781978800000005
0.0554330945
0.0060735913
-0.323588878
-0.16229362800000002
-0.249721721
0.0012623477999999999
-0.0441723131
0.100350671
-0.00721790176
-0.377868533
0.22306980200000004
0.176509261
-0.012217093299999999
-0.349254459
-0.0378145352
0.2562567
0.211342946
-0.122102275
0.18958950000000002
0.203174889
0.12130687400000001
-0.40198499
-0.174229309
0.0695263743
-0.25087583100000005
-0.0559350401
-0.242470741
-0.039868064200000004
0.335014194
-0.158180237
0.0347650945
0.052679505200000004
-0.145293549
-0.20646002900000002
0.329140276
0.26224649000000005
0.100866862
0.0585933104
-0.0874223262
-0.33127281100000006
-0.328274995
-0.498845696
-0.206316993
0.10515481200000001
-0.19183139500000002
0.0345933139
0.296863675
0.0331688151
0.134136051
0.317267478
0.21802873900000003
-0.15218065700000002
-0.23414450900000003
0.0681934431
0.181855679
0.0257794093
-0.334206223
-0.131636307
0.0719786733
0.118266225
-0.6627345090000001
0.0639459193
0.48859685700000005
-0.170860946
-0.183342099
0.11846212300000002
-0.667089522
0.0699133873
0.0914227143
0.683218658
0.018201369800000002
-0.96156913
0.334744006
0.584129274
-0.174709857
0.128935069
0.069128193
-0.00807604846
-0.32179826500000003
-0.0684072003
-0.668393314
-0.017810473200000003
0.10210311400000001
-0.226730719
-0.00047218953800000005
0.129330978
-0.0341151021
-0.414501488
-0.054881993700000006
0.0008587972260000001
-0.592934251
0.23069804900000002
0.218000785
-0.0057261344
0.147245929
-0.0435077101
-0.35967803
0.413843334
0.08727306130000001
0.0212703701
0.684773564
0.0406074263
-0.126201659
0.209098265
-0.200040922
-0.027297128000000004
0.0183064938
0.0428161882
-0.389120996
-0.101457737
0.33185207800000005
-0.19608676400000002
0.0728779733
0.133367896
-0.309319496
0.022099975500000004
-0.366179168
-0.0228572413
0.142369106
0.595065653
0.323263526
0.13423195500000001
-0.00912475307
0.0324723385
-0.237226382
0.0473679043
0.238616824
0.6370581980000001
-0.21111388500000003
-0.284898996
-0.108460337
0.264908344
0.421796322
0.011344634000000001
-0.10732501000000001
0.0665869862
-0.11397919100000001
0.147950202
0.0358415954
-0.217179164
-0.0938942805
-0.0022680035300000003
-0.29833588
-0.18555897500000001
-0.452672809
0.161883295
0.171907321
-0.0759669915
-0.204387441
0.0739036426
0.222511813
-0.375785917
0.0501769371
0.0382401645
-0.0850923732
0.0415881425
-0.153207451
-0.223837435
0.0597277991
0.19473098200000002
0.122641198
-0.0348560251
0.05863204600000001
0.215449631
0.0492956564
0.408342272
0.0603745729
-0.0271260738
-0.287550509
-0.144941062
0.161233589
0.298729807
0.10754685100000001
0.0306189843
0.0654451028
0.250057548
0.0591912828
0.21792581700000002
0.0193264466
-0.163512349
-0.0211424567
0.18890199100000002
0.24285504200000002
0.21883109200000003
-0.014789043900000002
0.26195591700000004
0.115022756
-0.000812917599
0.0665471703
0.06962343309999999
0.0145979701
0.000775601133
-0.14146503800000002
-0.155111238
-0.164226279
-0.0692179278
-0.134599641
0.413170129
0.015123747299999999
-0.394278079
0.312453181
0.238427147
-0.144451916
-0.179734662
-0.254008353
0.29060825700000004
0.0868315101
0.0388954207
0.06317982080000001
0.28929999500000003
0.000700633449
-0.210058764
0.23157797800000002
-0.144717917
-0.024815825700000002
0.117214076
-0.167776793
-0.178476974
0.193046927
-0.21441130300000003
0.206404701
-0.021054836
-0.249227196
-0.0589023568
0.230101898
0.15545386100000003
-0.00667591067
0.197876602
-0.123901628
0.14336200100000002
-0.0858924836
0.08067962530000002
-0.0756260604
0.118047707
-0.042336311200000004
0.09662655740000001
0.0436600037
-0.175750345
-0.0902231112
-0.155840144
0.163502485
0.0561012402
0.046745404600000005
-0.438763291
0.0126550645
0.2170524
-0.19554014500000003
0.196990892
-0.0142624713
0.271031976
0.26100111
-0.106120825
0.21343055400000002
0.0540543795
-0.111359857
0.106867224
-0.18069720300000003
-0.104886994
-0.37328973400000004
-0.193261117
-0.198814034
0.28893277
-0.00817892887
-0.014231048500000001
0.34164997900000005
-0.333540767
0.156029925
0.0169842318
-0.23089076600000003
0.0191264916
-0.201779291
0.019126696500000002
0.10284265100000001
0.145138606
0.253614187
-0.110914387
-0.119920015
0.000564350921
-0.12868246400000002
0.0602271073
-0.0919413567
0.0468495935
-0.11730331199999999
0.16369798800000002
0.100106791
-0.35346424600000004
-0.07631066439999999
-0.0699854791
0.17394472700000002
0.22007897500000004
0.00291059865
0.11791463900000002
-0.0672081709
-0.171466485
0.126078248
-0.0617787316
-1.03086114
-0.0195107721
0.266033024
0.17144872200000003
0.0764990225
0.0184155516
0.0036436631300000005
0.590043008
-0.028328675799999998
0.171442777
-0.0442563295
-0.0797690004
0.0343944803
0.10851817600000001
0.19264257
-0.134918183
-0.37642520700000004
-0.38074535100000007
-0.076527141
-0.882503152
-0.147422984
-0.0135382321
-0.447235554
0.0811920464
0.291738123
-0.13524793100000002
0.025696430399999998
-0.0755271763
0.07095970210000001
-0.054280426400000005
-0.012562681899999999
-0.713807881
0.156681046
-0.00991971418
0.350931436
0.422224343
-0.18070785700000003
0.00989763346
0.45887079799999997
0.287061453
0.12304936300000001
0.0341599509
-0.10499975800000001
0.0258466825
0.19677603200000002
0.543655813
-0.516054928
-0.29121893600000004
0.084186092
-0.0953155383
0.136973009
0.30772402900000007
-0.275425971
0.187472239
-0.5103068350000001
-0.07952488960000001
-0.147331089
0.10862568800000001
-0.0933755487
0.15037386100000003
-0.130596235
0.0452055559
-0.106885768
-0.121785149
0.0813306943
0.0771741122
-0.289880484
-0.285864145
0.090623796
-0.0247357152
0.0148504842
-0.0315506384
-0.133778125
-0.0241531245
-0.27073574100000003
-0.384159476
0.0118309902
0.185903743
-0.22451220500000002
0.156093478
0.50585258
0.22357344600000004
-0.0906518027
0.258657068
-0.21265718300000003
0.0777303874
0.20873825300000004
0.134261787
-0.18902005300000002
0.0335668959
-0.402826577
0.128070369
-0.164517939
0.25929731100000003
-0.11216785000000001
0.134654611
-0.005543420560000001
0.195730016
0.14092271
-0.339349717
0.00261466531
-0.329669029
-0.0136561245
0.19666263500000003
-0.0319620445
0.0784910321
-0.140421659
-0.014483886800000002
-0.125760034
0.0824243352
0.21298122400000002
0.0523658954
-0.089850232
0.131591186
-0.320073783
0.08290130650000001
0.19311788700000002
0.16107370000000001
0.13442497
-0.23348631000000003
0.10493920699999999
0.31148088
0.139566973
0.00782634504
0.14380726200000002
-0.064601399
-0.0160815008
-0.45060685300000003
-0.19430239500000002
-0.44046184400000005
-0.36397633
-0.0122553073
0.0962158889
-0.0460041277
0.10751594600000002
-0.019211018500000003
0.11886582500000001
0.21389782400000001
0.0871578082
-0.19781822000000002
-0.17533864100000002
-0.172724277
0.48840847600000004
0.21756109600000004
-0.19221164300000002
0.267678678
-0.061048727500000004
0.08179671320000001
-0.26152625700000004
-0.0848690867
-0.141654626
-0.0191342756
0.179177225
0.053194847
0.28237822700000004
-0.14127810300000002
0.106245115
0.112906538
-0.265849054
-0.246743143
0.056068819000000006
-0.170390636
0.226120472
0.0388468355
-0.14312291100000002
-0.0383218192
-0.253664434
0.334470391
0.0224709958
0.242821813
0.00508319773
-0.0319129415
-0.00866912212
0.0795724168
-0.35712003700000006
-0.0411575697
-0.173293352
-0.269534349
0.16917774100000002
0.149915263
0.16278630500000002
-0.013695802500000001
-0.21731820700000004
-0.37767067600000004
0.209600121
0.23232322900000002
-0.041914831799999996
-0.0167669803
0.215796068
0.146428034
-0.114609137
-0.299150407
-0.173191726
-0.405890882
-0.386248142
0.051510039699999996
-0.020098350900000003
-0.10237556000000002
0.453295201
-0.053183518400000004
-0.149309173
0.13532914199999999
0.122659221
-0.27998811
-0.08237507190000001
-0.109491736
0.146392584
0.0164683387
0.277274817
0.09104955199999999
0.11303105200000002
-0.311338365
-0.105219677
-0.0128430165
0.13320896000000002
0.12329863800000002
0.09398501370000001
-0.12924403
0.252885193
-0.08576168120000001
-0.15258850200000001
-0.19172960500000003
0.15288451300000003
-0.5761324760000001
0.30288222400000003
-0.18981839700000003
0.17954710100000001
-0.25240698500000003
0.017379201900000002
-0.0143942591
-0.014770057999999999
0.0772057846
-0.335648
0.43572104
0.0167536344
0.164370775
-0.240675449
0.101778068
-0.0775629058
-0.178532243
-0.1508421
-0.153237954
0.07770276070000001
-0.00194307568
0.0739063695
-0.151203841
-0.0296367835
-0.20481915800000003
0.007582588590000001
0.145865351
-0.17842862
-0.220396116
-0.117238112
-0.11034848500000001
-0.0321114734
-0.0019262335300000001
-0.796866417
0.168258414
0.0431802198
-0.269648135
0.28730002
-0.261869133
-0.37641030600000003
0.0575444959
-0.083404474
0.22072739900000002
-0.235042661
0.34719491
0.028555592500000004
0.38288682700000004
-0.30811241300000003
-0.221212938
-0.334924638
0.335194498
0.6031861900000001
-0.35017553
-0.643884659
0.488168329
-0.47227028000000004
0.048872266
-0.30509281200000005
-0.352626443
0.12039005800000001
-0.05369976160000001
0.159908712
0.29371145400000004
0.165234357
-0.518291235
-0.217943937
0.256779611
0.18882511600000002
0.5679301019999999
0.11028406
-0.150577933
0.0486611016
0.11076411600000001
0.0513805561
-0.277493924
-0.16293709
0.19732971500000002
-0.058206118599999995
-0.404842138
0.144437209
0.0485684089
0.361059397
-0.362730235
0.22412987100000004
0.13856031
-0.34405911
0.38196459400000005
0.062152624100000005
0.327240169
0.289242685
-0.128954455
-0.0382178165
0.171149373
-0.208862871
0.0441260971
-0.173573628
0.0775216445
-0.15089406100000002
-0.0652683824
-0.14483195499999998
-0.174225584
-0.048866379999999994
0.0151880682
-0.17821487800000002
0.119000494
0.15678909400000002
-0.241175339
0.134548679
0.366543412
-0.0505024754
-0.272152156
0.419689119
0.311283678
-0.0992873982
0.12761497500000002
-0.09636195000000002
-0.0810479894
0.145423263
0.0447025225
0.0528589487
0.288363785
0.28508189300000003
-0.0482949838
-0.167127192
-0.196678549
0.0865567327
0.0492729694
-0.0139375329
-0.24991488500000003
0.19649323800000001
0.07241103800000001
0.0785580352
-0.405538261
0.00487546623
-0.186595216
-0.015296727400000001
0.25209456700000005
-0.010169123300000001
-0.0927474201
-0.106490582
-0.0393306948
-0.03535714
-0.06822934
0.12381787600000001
0.0838190764
-0.377986073
0.130170465
-0.0463149734
-0.109619617
0.0499887988
0.018188044400000002
-0.16094479
-0.201488152
-0.0792348683
0.0200702101
-0.0168361813
0.299913555
-0.142801508
0.090573743
0.307444841
-0.028855478400000002
-0.15941976000000002
-0.22408168000000003
-0.0767196044
-0.042783867600000004
-0.23321192000000002
-0.039970930700000004
-0.15312534600000002
0.295716047
-0.24114961899999998
0.0123700341
0.15684017500000003
0.127776772
-0.032838881
-0.44158113
-0.061922583700000006
0.0623772927
-0.766456425
0.37084996700000006
0.045745864500000004
-0.181876838
0.0452084914
0.366713732
-0.210488603
-0.18294036400000002
-0.19463531700000003
-0.26896861200000005
0.0324606672
-0.14024898400000002
-0.48969298600000005
-0.15798124700000002
-0.044393386699999995
0.10228261400000001
0.0743848458
-0.298131943
0.234098807
-0.0782613382
0.0220983867
-0.471771538
0.22987346400000003
-0.17235185200000003
0.244529098
-0.0103815198
0.0576143861
0.000132840942
0.11612238
-0.0511623062
0.415859073
0.130625501
0.000504176773
-0.303157628
-0.10340601199999999
0.36469322400000004
-0.260587484
0.181906
-0.278831691
-0.13484031000000002
0.19776754100000002
-0.031658709
-0.19898563600000002
0.285589725
0.155565903
-0.08207627390000001
0.0824996382
-0.19724723700000002
-0.648809075
-0.31939968500000004
-0.234858245
-0.31352764400000005
-0.20605790599999999
-0.242210805
0.19817414900000002
0.237669557
-0.04354394970000001
-0.023069532599999998
0.284577072
0.051200479300000004
0.115549788
0.14649689200000002
0.40663397300000004
-0.153174639
-0.312151194
0.148611024
0.32435897
-0.0437141918
0.168343171
0.294381499
-0.021939199399999998
-0.20748083300000003
-0.0919092149
-0.08893198520000001
-0.091777496
-0.0136057902
0.029148422200000003
0.0659452528
0.23260663400000003
-0.179909959
-0.08656386290000001
-0.17914010600000002
0.120269582
0.31571131900000005
-0.22242347900000004
-0.215851814
0.128507346
-0.13950374699999998
-0.086212106
0.199661523
-0.058843515799999996
0.0331411473
-0.0585866533
-0.213916138
0.209251925
-0.135348499
-0.0230725612
-0.261488557
0.0400846973
0.047338910399999996
-0.63435328
-0.25551345900000005
-0.009195690040000001
0.128695101
0.0419408642
0.143480882
-0.163424164
-0.118749395
-0.0718922317
0.219022021
0.0110418694
0.211710662
-0.6608935
0.242797613
0.272112846
-0.19246728700000001
0.20377452699999998
0.0942847282
-0.610761702
-0.030348779600000004
-0.270777494
0.056264307300000004
-0.050097130200000006
0.0935731456
0.06648370619999999
-0.421062976
-0.45867759
-0.36775746900000006
-0.042702455099999995
0.021346608200000002
0.251305729
0.09826271240000001
-0.685356379
0.18591406900000002
-0.208393127
0.34575876600000005
0.10643094
-0.41144549799999997
-0.21868166300000003
-0.49227088700000005
-0.269180894
0.222884417
0.048697494
-0.6317324040000001
-0.14011243
0.147178426
0.146660328
0.7019355890000001
-0.237490013
0.519118845
0.030355876300000004
0.057385768700000006
0.259921491
-1.09606004
-0.10227198900000001
-0.46047946800000006
0.334136456
0.08278140430000001
-0.144417793
0.11028748799999999
0.0133788157
-0.0023514647000000004
0.10296113800000001
0.234867543
-0.147219956
0.16247123500000002
-0.153227985
0.040067508800000005
-0.154442817
-0.715810299
0.35693141800000006
0.9734830860000001
-0.365032613
0.037243373700000006
0.479629517
0.0270423423
-0.18127289400000002
0.07550255950000001
-0.38712012800000006
0.141205132
0.180291757
-0.19961455500000003
-0.377432257
0.0559523478
-0.0294348411
-0.284262866
0.246085763
0.112053089
-0.264457971
-0.370853305
-0.230313063
-0.131663054
-0.533783793
0.440198064
-0.286137551
0.367684096
0.288214326
0.21616354599999998
0.0385603756
-0.146955356
-0.0336287208
-0.0085637765
-0.19005613
-0.553918302
-0.48648130900000003
-0.417280614
0.11584590400000001
0.16550715300000002
-0.06894577290000001
-0.637518287
0.221275598
0.20336851500000003
0.00800284836
-1.04681051
0.350189835
-0.27238318300000003
0.136118069
-0.13820631800000002
-0.34338361000000006
0.0394204557
-0.14604423900000002
-0.011537239
0.00231664395
0.50050509
-0.49486219900000006
-0.259046555
-0.13205713
0.059083096700000004
0.00397545053
-0.015425966099999999
-0.16246700300000003
-0.112642363
0.34044650200000004
0.0911830962
-0.551688552
0.243523151
-0.0379873477
-0.05721715
-0.22977187
-0.17284308
0.11996193
0.5759527
0.8123105
-0.01708881
-0.21966028
-0.05186568
-0.540856
0.5866009
0.04962368
-0.02211538
-0.38589704
0.11004963
-0.07608818
-0.37173602
-0.29431534
0.08590579
0.05184242
0.5214551
-0.05148359
0.17034161
0.80441606
0.20187117
-0.3373093
0.09328866
0.5164907
-0.38335636
0.1396934
0.24939609
-0.34676003
0.0453706
-0.44156015
0.45391777
-0.09950211
-0.56801736
0.04172575
-0.27591848
-0.05350299
-0.07039998
-0.47480416
-0.07613655
-0.00434992
0.20650934
0.20287095
0.5232132
0.10838487
0.40796947
-0.24445355
-0.02384164
0.5207009
0.01261557
0.47707468
0.22752374
-0.78299236
-0.15913352
-0.18966337
0.10874926
0.22980498
-0.06340242
-0.35462612
0.32754079
-0.3517549
