-0.489617348
0.27861315000000003
-0.117732152
-0.48986965400000004
-0.7465125920000001
0.432987243
-0.04931942
-0.24900841699999998
-0.024396929900000003
0.18662235100000002
-0.8054804210000001
-0.790067375
0.24128478800000003
-0.261378884
0.295680016
-0.11820384100000002
-0.737975895
0.0779113621
0.127432033
0.390049607
-0.37108573300000003
-0.281677336
-0.0495231338
-0.176592305
0.0605905205
-0.06763610240000001
-0.16922403900000002
-0.705050111
0.6190317870000001
0.186090097
-0.8200892209999999
-0.28240260500000003
-0.228400722
-0.29632762100000004
0.275569379
-0.43322357499999997
-0.25115639
0.4086020590000001
-0.32011690700000006
0.431605667
-0.129954398
0.8285923000000001
-0.22788308599999998
-0.31979399900000005
0.201683402
-0.22711846200000002
-0.48669779300000005
0.292043507
-0.44435504100000006
-0.24619506300000002
0.397063732
0.241677359
-0.261336207
-0.609457076
0.150011554
-0.0782183334
0.16552645
-0.648419857
0.222863048
0.0886894539
-0.657516062
-0.47581175000000003
0.42625320000000005
-0.298992038
-0.31221443400000004
0.0474702306
0.31080901600000005
-0.0806512311
-0.123798802
-0.393736273
-0.0487250574
-0.697892725
0.159854919
0.179582343
0.199150816
0.20504893400000002
-0.21044243900000004
0.546728909
0.0986411646
-0.490651041
0.199087441
-0.17186217
-0.210728511
-0.0736436173
-0.275621235
-0.07103997470000001
-0.050376527
0.22566479400000003
-0.00419984385
-0.169717059
-0.27890333500000003
-0.806899309
-0.49815964700000004
0.14328670500000001
-0.15645761800000002
0.192421436
0.0604066364
-0.23860028400000002
-0.148420513
0.22771884500000003
0.396497071
0.0619224049
0.00594415097
-0.30242630800000003
-0.125755563
-0.0117190359
0.39238157900000004
-0.693066955
0.202813938
-0.127865955
-0.410046995
-0.022517083200000003
-0.129363015
-0.281767935
-0.34308698800000004
0.338669211
-0.140644222
-0.109506398
-0.12269101300000002
0.314379275
-0.129313409
0.359283268
-0.19630591600000002
-0.518158317
-0.391073406
-0.0914371982
-0.007852210660000001
-0.668342352
-0.555917978
-1.00048327
-0.41596704700000003
0.28445369000000004
0.112349533
0.251586288
-0.585004807
0.191409618
0.45342847700000005
-0.288568914
-0.159987763
-0.370029449
0.28565686900000004
-1.01803482
-0.684746265
-0.16226224600000003
0.17658247100000002
0.27568692
0.029817121100000003
-0.276060849
0.280238152
-0.197570786
-0.120550714
0.173198596
0.180763692
-0.06570351869999999
0.0347588472
-0.21052515500000002
-0.223783046
-0.156850249
-0.30132469500000003
-0.0469350517
-0.587131202
-0.140109405
-0.16667363000000002
0.33519578000000005
0.16406646400000002
0.353696734
0.228082836
-0.47496771800000004
-0.16256739200000003
0.0227674823
-0.135405138
-0.391388267
0.0790392384
0.323470443
0.08923656490000001
0.08874293420000001
-0.0969392285
-0.567234397
0.42549648900000003
-0.24127757500000002
-0.0148951337
0.0618569106
-0.12861087899999998
0.121202372
0.0346530005
0.0399087444
-0.10953778000000002
-0.501470387
-0.570217848
0.0445657074
0.416274399
-0.48165676
-0.304870963
0.048745140400000005
0.446197659
-0.656525314
0.00636567641
0.38608947400000004
-0.0539548919
0.103636846
0.049657248
0.298391104
0.16671896
-0.591614544
0.18086989200000003
-0.0247309878
0.270943403
-0.172771379
-0.392269582
-0.475606024
-0.14607138900000002
-0.142451242
-0.0708402246
0.105784796
-0.156269029
-0.114696026
0.100169815
-0.46628701699999997
-0.10390325600000001
-0.342576802
-0.290438712
-0.168245733
0.132974923
-0.468186826
0.4697189930000001
-0.34692859600000003
-0.261107266
-0.187385246
-0.9996156100000001
-0.113473177
0.21355320500000002
0.633845031
-0.47168284700000007
-0.963233709
0.15852797000000002
-0.6633865830000001
-0.0964749977
0.148981437
-0.41952115300000004
-0.0675127581
-0.6332522030000001
0.0581139959
0.31342485500000006
-0.197500899
0.0179931037
-0.135858387
0.257452458
0.239692405
0.00839319266
-0.716132939
-0.6467887760000001
-0.13902628400000003
-0.09998894480000001
0.0974855348
0.09959220889999999
0.26441824399999997
-0.014896606100000001
0.387541175
-0.20435348200000003
-0.0969146863
-0.026616359100000004
-0.5739123819999999
0.0330031365
-0.0758423805
0.5420112610000001
-0.105241656
0.18538741800000003
-0.056339390600000004
-0.274388224
0.47833174500000003
0.354064941
-0.37131446600000007
-0.112675853
-0.581846178
0.184528783
-0.08456784490000001
0.0119912103
-0.0544031449
-0.042228251700000004
-0.6367075440000001
-0.4864446520000001
-0.189766496
0.17713508
0.0135752801
0.46794727399999997
-0.07611233
-0.784613013
0.058553941500000005
-0.15331086500000002
0.272959679
0.421060801
-0.33406230800000003
0.30157211400000006
-0.07036179299999999
-0.47551411400000004
0.0796948895
-0.08718910810000001
0.00376472133
0.00999511965
-0.6485390660000001
0.211270064
0.614119947
-0.356730163
0.147302702
-0.36756745
-0.292233467
0.24366870500000004
0.09977133569999999
-0.212113053
0.372458577
0.19469592000000002
-0.695171356
-1.00520265
0.0546244383
-0.254658133
0.279185325
0.21983650300000002
0.00740518421
-0.112174943
-0.11784536400000001
-0.5523773430000001
0.32463163100000003
-0.27893543200000004
0.263297021
0.429713279
-0.294168174
-0.37340486
-0.148335427
-0.13182272
-0.38503924
-0.0242603999
0.10270019600000001
0.17348495100000003
0.318011343
-0.259963393
-0.0334377587
-0.771714747
0.298971295
0.11693427
0.0203712061
-0.332181901
0.266858578
-0.10230427200000002
-0.151803181
0.0544465184
0.108110704
-0.8343976740000001
0.378730923
-0.38495850600000003
-0.007086313330000001
0.35184043600000003
0.292271674
-0.201573968
-0.0010652967
-0.08922792230000001
0.624805152
0.514859796
0.045926142499999996
-0.272563964
-0.356474191
0.111583561
-0.112512678
-0.20709863300000003
0.37431383100000004
-0.491116345
0.398079693
-0.045390214799999995
-0.486760259
-0.276668996
0.329157144
0.208170652
0.0707664862
0.184346825
-0.249784514
0.0562280118
-0.0609507039
-0.293229789
0.18289247200000003
-0.409394026
-0.263520449
0.14077845200000003
0.407808483
0.25753450400000005
-0.26886114499999997
0.0143253757
-0.291425228
0.139988199
-0.333511233
-1.07947636
-0.26947873800000005
-0.169770703
-0.135512576
0.205141857
-0.259892136
-0.104623742
-0.340959758
-0.15959341800000001
-0.18004101500000003
0.07143214340000001
0.11566261200000001
-0.572857499
-0.228508547
0.132513136
0.16260990500000003
-0.0361997858
0.27785405500000004
0.05292259900000001
-0.604199946
0.5068877340000001
-0.168982655
0.17487888000000001
-0.82810998
0.27415368
0.20382289600000003
-0.196935609
0.11458076500000001
0.0620504953
0.10321739299999999
0.243158326
-0.12973815200000002
0.026726447000000004
-0.152295053
0.15753145500000001
-0.0793408602
-0.045451819899999996
0.14297278200000002
-0.0411635414
-0.16575145700000002
0.014709808900000001
-0.41068145600000006
-0.146513149
-0.156590715
0.15938681400000002
-0.232667059
-0.393660516
-0.24262835100000002
0.12221255200000002
0.14117948700000002
0.124032229
-0.21711441900000003
0.242085516
-0.590735137
-0.47665259200000004
0.08161070940000001
-0.12250199900000001
0.0854903162
0.359573692
0.31286171100000004
-0.126316234
0.0026509387
0.0069704363100000005
0.7484475970000001
0.221018434
0.265042394
-0.6897445320000001
-0.0556178913
-0.210980296
0.103217907
-0.6099404100000001
-0.830377042
-0.20113275900000002
0.162012622
-0.193144605
-0.489672989
0.33677282900000005
-0.053953647599999995
0.1463525
-0.39446786
0.37975052
-0.6223400830000001
-0.25509873
-0.369844049
0.0761423483
0.0943706259
-0.0339649916
-0.42000976200000006
-0.10056801900000001
-0.37172424800000003
0.39259174500000005
0.141072273
0.12459889099999999
-0.520252645
-0.359970868
-0.7203930620000001
0.525359452
-0.30150789
0.054491911100000005
-0.147059575
-0.0679677725
0.25014230600000004
-0.9329487090000002
0.189005166
-0.190352365
0.39609164
-0.24560071500000002
-0.132772714
-0.6935374140000001
0.225698367
0.148443907
-0.00858965889
-0.0250394884
0.00770959305
0.326415718
-0.025634951899999998
-0.38552716400000003
-0.0892601758
-0.302391827
0.249567375
0.231273189
0.18569684
-0.509108305
0.15320096900000002
-0.527263284
-0.339326471
-0.285640627
0.050194092100000004
0.387503684
-0.449851245
0.261555433
-0.158528805
0.10841363700000001
0.135289192
-0.450516105
-0.403462231
-0.388816029
0.367437214
-0.296947509
-0.0681257471
-0.0202937331
0.234386802
0.19520025000000002
-0.162434652
0.0514986552
-0.026909193
-0.0876093283
-0.29676941
0.30756580800000005
0.10489219400000001
0.13357681
-0.332164377
0.270409822
0.4674980040000001
0.17242643200000002
-0.15911941200000002
-0.442448854
-0.0444338471
-0.04937227820000001
-0.0697495937
-0.27688539
0.09401645510000001
-0.114967987
-0.442812294
0.182636917
0.239482269
-0.620573699
-0.107558563
-0.558079243
-0.020883346
0.0874904245
0.0811635405
-0.889594316
-0.00424711127
0.31699135900000003
0.10320905600000002
-0.8255677820000001
-0.142637715
0.200644046
0.27353683100000004
0.296746105
-0.7095991970000001
0.042605694400000005
-0.0962815657
-0.522065401
0.275408208
0.126545921
-0.10765108500000001
-0.404023081
0.0195805263
0.196942434
0.0834365487
-0.207386181
0.43052214400000005
-0.339715719
-0.24086026800000002
-0.239075661
0.175368771
-0.0122853769
0.228991732
0.25684157
-0.18069948300000002
0.477879763
0.35136044000000005
0.21107468
-0.162274182
-0.409433037
-0.47909390900000004
0.39284595800000005
0.18049894300000002
-0.39695397
-0.0553277545
0.410573155
-0.199470371
-0.061365556
0.047362726200000003
-0.993341684
-0.632849813
-0.189054906
0.029951643200000003
0.00499681616
0.14536564100000002
-0.445309609
-0.171978608
0.4160676
-0.146764323
0.0427912585
0.149901897
-0.32728374
-0.08342129740000001
0.148284569
0.24336431900000002
-0.26426118600000004
0.259529412
0.28578400600000003
-0.0473094806
0.45609280500000005
-0.351894081
-0.49868235
-0.16058725100000001
-0.00679577095
0.424574405
0.396026403
-0.25207817600000004
-0.23987601700000002
0.28531459
-0.208491698
0.32895544200000004
-0.6292315720000001
-0.5162022709999999
-0.6703251
0.119800664
0.4380726
0.5560922
-0.37524593
-0.42047748
0.28132454
-0.36339495
0.17891817
-0.0516803
0.30908492
-0.20111091