[array([[ 1.19220559e-02, -2.11797446e-01,  8.26413408e-02,
         1.31743848e-01, -3.19738001e-01,  1.21009089e-01,
        -6.27365410e-01,  4.27735001e-02, -5.24749875e-01,
         2.83068437e-02],
       [-1.70118168e-01,  7.03056157e-02, -1.22012377e-01,
         1.88666582e-02, -9.59250405e-02,  1.10006139e-01,
        -1.72704637e-01, -1.77785188e-01, -1.01844102e-01,
        -9.59918648e-02],
       [ 4.12081361e-01, -1.92997015e+00, -6.38633072e-01,
        -5.63615799e-01, -4.97598082e-01,  4.09488618e-01,
        -1.25228837e-01,  4.88267168e-02, -3.66570711e-01,
        -3.41658562e-01],
       [ 2.34220833e-01, -7.04706907e-01, -3.14869225e-01,
        -4.21945989e-01, -6.37029469e-01,  1.14898525e-01,
         2.08696768e-01,  1.88016191e-01, -1.13208637e-01,
        -2.97350287e-01],
       [-5.78416169e-01, -5.09416223e-01, -2.60849148e-01,
         1.89050496e-01, -1.48115054e-01,  3.87781821e-02,
        -8.80932093e-01,  1.36115864e-01,  2.12845445e-01,
         2.26967558e-01],
       [ 3.24946404e-01,  2.10926071e-01,  1.98020503e-01,
        -5.96321523e-01, -3.57581884e-01, -4.96324509e-01,
        -5.69091678e-01, -3.94003978e-03, -3.42271507e-01,
        -4.39156055e-01],
       [-8.42980087e-01,  2.44230300e-01,  2.33155534e-01,
         6.23599254e-02, -5.27468026e-01, -3.63769904e-02,
        -1.18615534e-02,  1.89215839e-01, -5.32221615e-01,
        -5.96009433e-01],
       [-1.45129234e-01,  9.54333693e-02, -6.86649382e-02,
        -2.04376101e-01,  1.44636959e-01,  3.93039547e-02,
        -6.08966351e-02, -1.76615119e-01,  8.53393823e-02,
        -7.39806741e-02],
       [ 2.43626446e-01,  4.23506826e-01, -4.27641809e-01,
        -2.58192837e-01, -8.38563561e-01,  2.78884411e-01,
        -6.69708610e-01,  2.16936573e-01, -1.57811761e-01,
        -3.33077610e-01],
       [-8.81546855e-01,  7.05167651e-02, -4.77692991e-01,
        -8.48378956e-01,  7.67925829e-02, -3.75763148e-01,
        -7.08901644e-01,  1.23719998e-01, -5.00287831e-01,
         8.14170912e-02],
       [-8.39545071e-01,  2.72690773e-01, -2.59065002e-01,
         2.97798514e-01,  3.30870226e-02,  2.43901983e-01,
        -1.64416671e-01, -2.91863412e-01, -2.32941270e-01,
         2.57385880e-01],
       [-6.52665719e-02,  2.07714155e-01,  2.07657665e-01,
        -2.53565371e-01, -4.04170811e-01, -7.00132921e-02,
         1.94767430e-01, -6.66904330e-01,  2.11957991e-01,
        -8.11825275e-01],
       [-5.81612408e-01,  4.16189134e-02,  3.50971520e-01,
        -9.03927907e-02, -5.75362980e-01, -1.63293347e-01,
         4.18225527e-01, -2.85677850e-01, -2.98076987e-01,
        -3.21921915e-01],
       [ 2.05600485e-01, -4.79960322e-01, -2.53223360e-01,
        -1.52826190e-01,  2.79908031e-01, -2.58167356e-01,
         1.39737889e-01,  2.89976478e-01, -3.58730286e-01,
         3.63549665e-02],
       [-2.45080769e-01, -4.56246316e-01,  8.32883343e-02,
        -5.02601206e-01,  1.54089883e-01, -6.74753040e-02,
         1.82114959e-01, -7.93600321e-01,  1.45316711e-02,
         7.46528208e-02],
       [ 7.14376122e-02, -3.74452323e-01,  8.12772736e-02,
         7.29383528e-02, -5.70494711e-01,  1.64578140e-01,
         1.16032615e-01, -6.31297529e-01,  1.85190797e-01,
        -2.26731718e-01],
       [ 2.45390177e-01,  8.95559490e-02, -3.96336734e-01,
        -5.96263468e-01,  1.13094874e-01, -4.02974337e-01,
         1.26195014e-01, -6.08666360e-01,  2.08921358e-01,
         3.71112376e-02],
       [-2.14933544e-01, -1.79738179e-01,  2.57834524e-01,
        -1.78787261e-01,  2.62759447e-01, -3.92164886e-01,
         2.43276700e-01,  1.22701839e-01, -4.67891961e-01,
        -6.12588882e-01],
       [-2.71822453e-01, -3.95309061e-01,  1.35898769e-01,
        -1.35247603e-01,  1.50247052e-01,  4.75502759e-03,
         2.03520536e-01, -4.19651568e-01, -2.84300506e-01,
        -3.60833108e-01],
       [-3.97786021e-01,  1.46608874e-01, -3.43157411e-01,
         2.60414332e-01, -5.43782890e-01,  2.03111961e-01,
         1.88342631e-01, -7.64801562e-01,  1.84177235e-01,
         1.80521905e-02],
       [-4.08447951e-01,  1.62715390e-01,  2.83177733e-01,
        -4.63632792e-01, -8.65940630e-01, -3.38590860e-01,
        -7.20205903e-01,  2.44063213e-01, -4.52869564e-01,
        -8.11518669e-01],
       [-9.39512670e-01,  7.81350732e-02,  1.19683444e-01,
         1.26908615e-01, -5.60496271e-01, -5.85204244e-01,
        -3.64771634e-01,  1.49585500e-01, -3.24511319e-01,
        -7.07072616e-01],
       [-6.01944149e-01, -1.87044352e-01, -1.56195790e-01,
         8.11032057e-02,  1.34513259e-01,  7.50607476e-02,
        -7.23715365e-01, -1.84008852e-01,  1.01341121e-01,
         1.00905307e-01],
       [-1.69712961e-01, -3.24275911e-01,  7.65184388e-02,
        -3.06684375e-01,  7.39412308e-02, -3.59538317e-01,
        -3.26379150e-01,  1.79709390e-01, -5.59702933e-01,
         1.72417819e-01],
       [ 1.95704430e-01, -2.33214304e-01,  8.46620053e-02,
         5.39165474e-02, -6.77072525e-01, -2.82899857e-01,
        -4.68895972e-01,  1.36901870e-01,  5.30158170e-02,
         1.89293608e-01],
       [-6.72719955e-01, -3.16940658e-02, -5.64338028e-01,
        -1.17192924e-01, -8.43067020e-02,  2.22363099e-01,
         2.38296449e-01, -6.93977237e-01,  3.37668747e-01,
        -1.53572604e-01],
       [-1.44626498e-01, -2.20300276e-02, -4.79244947e-01,
        -2.00977355e-01,  2.04282403e-01, -5.81036448e-01,
        -6.62809074e-01,  1.51856914e-01,  1.56855155e-02,
         2.13269129e-01],
       [-7.60488749e-01,  2.96144664e-01, -7.74216056e-01,
        -4.52125072e-01, -3.78506988e-01,  4.18242097e-01,
        -5.24502397e-01,  1.19465683e-02, -2.49523461e-01,
         7.52729252e-02],
       [-2.71731198e-01, -4.87257212e-01, -5.58377206e-01,
         2.36861497e-01,  3.36755626e-02,  2.76378602e-01,
        -4.18484360e-02,  1.32059842e-01,  1.72375873e-01,
         2.43064642e-01],
       [-1.37943506e-01, -3.45127136e-01,  1.92554250e-01,
        -1.89372182e-01, -3.47069383e-01, -5.21552145e-01,
         2.84848660e-01,  1.89510643e-01,  2.04542935e-01,
        -2.72651494e-01],
       [ 1.00803494e-01,  1.46755904e-01,  8.87455642e-02,
        -3.61732068e-03, -1.22890949e+00,  1.30043343e-01,
        -4.35497731e-01, -4.70498741e-01, -8.15752268e-01,
        -9.18349922e-02],
       [-9.75865364e-01,  1.78089514e-01, -3.91506612e-01,
         1.57281503e-01,  8.92850980e-02, -5.28533280e-01,
        -2.35779181e-01, -4.31901067e-01, -2.79468745e-01,
         3.08917253e-03],
       [-3.16856384e-01,  5.09133516e-03,  1.49565011e-01,
         1.54804155e-01, -1.16653599e-01, -4.04386133e-01,
        -7.01687992e-01,  7.71346176e-03, -1.72522992e-01,
        -1.00555229e+00],
       [ 1.79634541e-01, -5.48316896e-01, -1.12941302e-02,
        -7.56191090e-02,  1.73601612e-01, -3.07873338e-01,
         2.41876408e-01, -5.44344842e-01, -6.37598813e-01,
        -4.41739529e-01],
       [-4.33779150e-01, -5.58912218e-01, -1.09981939e-01,
        -6.72868431e-01,  6.23960085e-02, -5.31399965e-01,
        -6.33851290e-01, -4.28632408e-01, -7.59120286e-01,
         7.90818483e-02],
       [-3.61553997e-01,  4.82389390e-01,  1.74508274e-01,
        -5.10308564e-01,  3.30160588e-01, -8.08789194e-01,
        -2.85027951e-01, -4.38571721e-01, -1.43394873e-01,
        -4.05534625e-01],
       [-5.13491392e-01, -3.04948092e-01, -2.17241764e-01,
        -1.35861948e-01,  2.21132293e-01, -7.39511475e-02,
        -8.62234533e-01,  1.89113066e-01,  1.83699101e-01,
         1.91599995e-01],
       [-3.42796296e-01, -3.30054522e-01,  9.48843136e-02,
         6.70760572e-02, -6.60287559e-01,  1.61668789e-02,
        -7.53064811e-01,  1.00042619e-01,  9.78397503e-02,
         1.28431141e-01],
       [-6.20480776e-01, -1.66657254e-01,  2.67179757e-01,
         1.13735817e-01, -4.27425683e-01, -9.54656005e-02,
        -5.16053796e-01,  2.46145174e-01, -2.31221288e-01,
        -3.03728610e-01],
       [-4.59962368e-01, -7.97609627e-01, -4.62518811e-01,
         2.53509402e-01,  9.16083064e-03,  2.27692202e-01,
        -1.02664745e+00,  5.37695624e-02, -3.19614619e-01,
         2.49911919e-01],
       [ 1.08844504e-01,  4.83424962e-01, -9.11171138e-01,
        -8.83625627e-01, -7.78924003e-02, -3.91891271e-01,
         7.63393566e-02, -6.10509396e-01, -7.31686577e-02,
        -7.78875113e-01],
       [-5.05551338e-01, -7.92780221e-01, -8.09477270e-02,
        -2.54736066e-01,  3.24140564e-02, -3.36552471e-01,
        -5.32279491e-01,  4.09438193e-01, -4.75542217e-01,
        -1.12262428e-01],
       [ 6.59264997e-02,  2.57491887e-01,  1.15284704e-01,
         9.79733467e-02,  1.72516331e-01, -4.27349150e-01,
         2.48092338e-01, -8.45812857e-02, -4.63218570e-01,
        -8.72325122e-01],
       [-6.35612726e-01, -2.92248219e-01, -7.53008068e-01,
         2.18984738e-01, -3.04213256e-01,  2.32717022e-01,
         1.61613032e-01, -6.90050542e-01,  1.47319227e-01,
         5.90120852e-02],
       [ 2.62060493e-01, -5.34688771e-01, -1.70015782e-01,
        -4.48237449e-01, -3.37910831e-01,  1.99477598e-01,
        -2.17375919e-01,  2.88511783e-01, -2.40006611e-01,
        -1.84987605e-01],
       [-1.51156664e-01, -3.52430254e-01, -6.87994778e-01,
        -5.04121542e-01,  1.38803199e-01,  2.89984912e-01,
         3.80166024e-01, -6.23748481e-01, -5.54357827e-01,
        -2.13869274e-01],
       [ 3.56325835e-01,  8.02127123e-02,  1.15624227e-01,
        -1.76001117e-01, -8.46812069e-01,  1.47756130e-01,
        -1.39233574e-01,  1.70007899e-01, -1.64836302e-01,
        -5.06045938e-01],
       [-1.89711526e-01, -9.93445516e-02, -1.38546094e-01,
         2.27346504e-03, -1.40842041e-02, -2.33616568e-02,
         1.95524725e-03,  4.15478237e-02, -6.61737621e-02,
         1.38253346e-01],
       [-5.14152348e-01,  1.21678330e-01,  1.56183645e-01,
         1.70075148e-01, -1.37463868e-01, -2.87991047e-01,
        -4.88155723e-01,  2.04233795e-01,  1.78573057e-01,
        -4.68223900e-01],
       [ 8.33126456e-02, -1.02505636e+00, -1.82085186e-01,
         1.63812250e-01,  3.14469822e-02,  1.29124060e-01,
        -3.46338600e-01, -2.68800110e-01,  1.27101392e-01,
         1.42721534e-01],
       [-6.27355203e-02, -6.61276281e-01,  2.38415837e-01,
        -2.81037450e-01,  2.44361296e-01,  1.31126612e-01,
         3.21054794e-02, -5.17460167e-01, -5.49827814e-01,
        -6.25300333e-02],
       [ 4.62872945e-02,  2.15548784e-01,  2.01053277e-01,
         1.94108441e-01, -3.55411530e-01, -1.76487744e-01,
        -4.22719121e-01,  9.33057293e-02, -3.25903267e-01,
        -6.70831561e-01],
       [ 2.03118354e-01,  1.61753856e-02,  3.28810476e-02,
         2.31619254e-01, -7.17736959e-01, -1.90616101e-01,
        -5.10719419e-01,  7.98364952e-02,  1.79677933e-01,
        -4.08668995e-01],
       [-6.30749941e-01,  9.14438069e-01, -1.01981433e-02,
        -1.15153205e+00, -5.41469216e-01, -5.44410646e-01,
        -5.92283785e-01, -1.32341221e-01, -6.93363011e-01,
        -3.76817852e-01],
       [ 1.09355755e-01,  1.39060825e-01,  1.19757272e-01,
        -5.71710408e-01, -4.26429570e-01, -2.52368420e-01,
         1.30835876e-01, -4.06050563e-01, -1.19519522e-02,
        -6.20243371e-01],
       [-8.60400319e-01,  5.75182848e-02, -5.34198880e-01,
         1.63291588e-01, -3.18722486e-01,  1.68850079e-01,
        -8.13817978e-01, -1.97915807e-01, -5.59810698e-01,
        -6.69281483e-02],
       [ 1.59823462e-01, -6.08787000e-01, -6.38006851e-02,
         3.21453176e-02, -4.11722839e-01,  1.87947303e-01,
        -4.70226496e-01,  9.61919595e-03,  3.08570545e-02,
         1.40484542e-01],
       [-6.64502859e-01, -3.21417823e-02,  9.03020352e-02,
         9.20618698e-02, -2.29461938e-01,  1.31108761e-02,
         5.65942302e-02,  4.88661751e-02,  9.98998582e-02,
        -6.41697109e-01],
       [-5.81182301e-01, -9.35204700e-02, -3.16321850e-01,
         3.71022403e-01, -7.12061906e-03, -2.95970321e-01,
        -4.73449618e-01,  3.30858380e-01, -3.35501105e-01,
        -1.88381597e-01],
       [-6.67981625e-01, -1.41455129e-01, -2.57005394e-01,
         1.28377438e-01,  2.96362825e-02,  1.28629372e-01,
        -9.95087862e-01, -3.31402898e-01, -1.49767518e-01,
         3.83588672e-01],
       [ 3.04849237e-01, -5.89411139e-01, -1.16329789e-01,
        -3.51172864e-01,  1.10499384e-02, -4.29392099e-01,
        -2.27194116e-01, -3.71746927e-01, -4.68093783e-01,
         3.38221669e-01],
       [-1.52630985e-01,  2.40897909e-01, -6.96628913e-02,
        -8.17137957e-01,  2.53908843e-01, -4.84540492e-01,
         3.04616630e-01, -1.17092168e+00, -2.86417603e-01,
        -6.24633133e-01],
       [-6.43075407e-02, -2.84647737e-02, -1.09210443e-02,
         1.75335333e-01, -7.18181878e-02,  5.76268621e-02,
         5.71247377e-02, -8.47317427e-02,  5.85602149e-02,
        -1.97435364e-01],
       [-1.17211752e-01, -1.06184840e-01, -2.68586017e-02,
        -1.68819338e-01,  1.18873976e-01, -1.64029538e-03,
        -1.52888209e-01, -8.70990157e-02,  1.67772397e-01,
        -5.28440364e-02],
       [ 6.90840781e-02, -2.49218687e-01,  1.72775030e-01,
         1.05543032e-01, -3.99068236e-01,  1.22767948e-01,
        -9.84234214e-02, -5.05484104e-01, -1.24586495e-02,
        -5.86089492e-01],
       [-1.04963684e+00,  5.42514503e-01, -2.82771140e-03,
        -3.16656619e-01,  1.37102991e-01,  3.51125419e-01,
        -3.56524736e-01, -1.87767193e-01, -4.17710453e-01,
        -2.48771951e-01],
       [ 2.10057914e-01, -3.42540473e-01,  1.56658873e-01,
         1.70057535e-01, -3.90644342e-01, -3.26337576e-01,
        -7.19363391e-01,  1.25768408e-01,  7.04743117e-02,
         8.57121050e-02],
       [ 1.97222203e-01, -3.36316079e-02,  1.27741516e-01,
         1.10561430e-01, -5.70795238e-01, -4.15082008e-01,
        -7.01878190e-01,  1.07059836e-01, -8.42003971e-02,
        -3.12739730e-01],
       [-6.31151974e-01, -8.34917575e-02, -1.36583105e-01,
         1.68542400e-01, -1.28499940e-01,  2.23534241e-01,
        -8.33760560e-01, -3.58133256e-01, -5.27833939e-01,
         1.73037812e-01],
       [-6.10339999e-01, -5.63619196e-01, -3.74028713e-01,
         2.01723099e-01, -3.38799745e-01,  1.81042716e-01,
        -1.36304647e-01, -4.65853482e-01, -2.83904793e-03,
        -1.32586166e-01],
       [-6.02287240e-02,  3.01639646e-01, -2.13422239e-01,
        -7.54496634e-01,  3.13620955e-01, -4.72481310e-01,
         2.90629297e-01, -6.91969037e-01, -4.77474958e-01,
         1.58224404e-01],
       [ 1.46480724e-02,  8.39611813e-02, -8.79142582e-02,
         2.74560899e-01, -7.89768435e-03, -1.34953916e-01,
        -8.32933545e-01,  2.58460224e-01, -4.52906370e-01,
        -6.01749755e-02],
       [-2.13694870e-01, -1.59528688e-01,  1.61042348e-01,
         9.74529237e-02, -1.47228003e-01, -7.55460635e-02,
        -2.29084373e-01,  1.51988044e-01,  1.11068532e-01,
        -1.77462444e-01],
       [-5.75481236e-01,  2.08978638e-01,  1.99503288e-01,
        -2.90983826e-01,  5.46382405e-02, -2.04269633e-01,
        -8.06230400e-03,  1.23917632e-01, -6.18200898e-01,
        -6.35172546e-01],
       [-1.20891286e-02,  3.37064832e-01,  6.72790641e-03,
        -7.62155473e-01,  3.26100469e-01,  1.74603984e-01,
        -2.95206130e-01, -8.48766804e-01, -5.74258983e-01,
        -5.53048313e-01],
       [ 2.69934505e-01, -3.12206447e-01,  1.44675329e-01,
        -3.62410843e-01,  1.85715675e-01, -4.66085464e-01,
         1.64381750e-02, -3.26405317e-01, -6.25489175e-01,
         1.91145554e-01],
       [ 8.52700546e-02,  1.98096167e-02,  1.08740613e-01,
         1.45203099e-01, -2.25317597e-01, -1.04709275e-01,
         1.64343253e-01, -3.41323018e-01,  1.33668900e-01,
        -6.65128767e-01],
       [-2.38401294e-02,  2.63944924e-01, -9.08485591e-01,
        -7.03169167e-01, -3.04121405e-01,  2.63377905e-01,
         3.46035123e-01, -6.43363476e-01, -2.74983466e-01,
        -2.16498166e-01],
       [-8.33017468e-01, -5.90851419e-02,  1.56778097e-01,
         1.53674260e-01, -7.81746984e-01,  1.22833684e-01,
         1.03055447e-01, -2.64445931e-01,  9.37243626e-02,
        -2.14066625e-01],
       [-2.40609437e-01,  5.94834723e-02,  1.39423341e-01,
         1.44677430e-01,  1.31899297e-01, -5.83399475e-01,
        -5.40652454e-01,  1.92353219e-01,  1.26806840e-01,
         1.56540751e-01],
       [ 3.21747065e-02, -6.08411789e-01, -3.13294262e-01,
         2.14854479e-01, -2.72715718e-01,  1.49480984e-01,
        -3.79494399e-01,  5.82680181e-02, -4.94858891e-01,
        -8.44732895e-02],
       [ 8.42725337e-02, -5.40071368e-01, -5.64085782e-01,
        -6.20670021e-01, -2.88687617e-01,  6.19817749e-02,
        -8.75991583e-01,  4.41114783e-01, -3.37893724e-01,
        -4.07669008e-01],
       [ 8.04396346e-02, -6.08028412e-01,  1.07932173e-01,
        -3.78582358e-01, -5.11640549e-01,  1.97153509e-01,
         2.32302725e-01, -4.75900888e-01,  1.39621541e-01,
         8.56526755e-03],
       [-6.29153430e-01,  2.44821802e-01,  2.37916440e-01,
        -1.54131696e-01, -2.07018480e-01, -5.00773489e-01,
        -8.18550766e-01,  9.18712616e-02,  1.17080651e-01,
        -7.71152437e-01],
       [ 2.22701475e-01, -9.90721285e-02, -5.93024850e-01,
        -5.13770152e-03, -2.98758715e-01, -3.06583881e-01,
         2.32224643e-01, -5.57070494e-01, -7.29822218e-01,
        -6.17315993e-02],
       [ 1.48041025e-01, -7.38995254e-01, -2.75172979e-01,
        -3.24038237e-01, -6.89589739e-01,  1.92962021e-01,
         2.68898219e-01, -4.90311682e-01,  1.95328668e-01,
        -4.91260178e-02],
       [-6.76158071e-02, -6.86312854e-01,  1.07515462e-01,
        -4.73426767e-02, -3.68182003e-01, -3.81627411e-01,
        -3.76961708e-01, -4.24842477e-01,  1.98458657e-01,
         3.42649728e-01],
       [ 5.72905652e-02, -5.73752820e-01, -3.74683440e-02,
        -3.46886247e-01,  2.49376632e-02, -2.63217539e-01,
        -3.87279876e-02, -3.79378915e-01, -6.00333929e-01,
        -4.26927730e-02],
       [-1.59845293e-01, -8.40593040e-01, -4.73508298e-01,
        -3.95254225e-01,  1.65039435e-01, -4.35832189e-03,
         2.00164989e-01, -3.18422914e-01,  9.70400795e-02,
         1.83517247e-01],
       [-1.87819183e-01,  2.19219387e-01, -1.95419744e-01,
        -3.37693721e-01, -8.10609106e-03, -5.08240461e-01,
        -5.85728824e-01, -2.16518193e-01,  2.74950057e-01,
         2.49462947e-01],
       [ 6.89858720e-02, -2.45010108e-01, -6.01795129e-02,
        -1.00962214e-01,  4.01593698e-03, -9.12496895e-02,
        -4.02781703e-02, -2.03633100e-01, -8.31656978e-02,
        -9.13514476e-03],
       [-7.40099907e-01, -2.81929880e-01, -3.83527040e-01,
        -4.69909430e-01,  2.95124233e-01, -2.07450390e-01,
        -4.97876108e-01, -2.26117224e-02, -5.09679198e-01,
         2.61119068e-01],
       [-1.74652357e-02,  1.26764670e-01, -9.86814976e-01,
        -5.34060955e-01,  1.41899481e-01,  1.79232761e-01,
        -1.16291389e-01, -4.78935242e-01,  3.05189490e-01,
         9.73461196e-02],
       [ 1.43973485e-01, -1.27721679e+00, -6.28640890e-01,
        -6.08540893e-01,  7.80007243e-02, -1.48775324e-01,
         2.20156118e-01, -2.37570062e-01, -2.33549505e-01,
         2.31187284e-01],
       [ 4.66912128e-02, -1.16810954e+00, -7.55486861e-02,
        -2.05617130e-01,  9.66510773e-02, -1.45483524e-01,
         4.18969728e-02, -1.46661088e-01,  3.09551358e-02,
         8.45001712e-02],
       [-3.68082896e-03,  2.43451133e-01,  5.21326736e-02,
        -5.26116133e-01,  3.50263596e-01, -3.19404602e-01,
         2.65605211e-01, -7.82934010e-01,  1.36486113e-01,
        -1.95666924e-01],
       [ 2.35414747e-02,  2.50926614e-01, -2.90103167e-01,
         2.23753229e-01, -6.42564476e-01,  2.45162413e-01,
        -1.44527882e-01, -3.48411173e-01, -5.71806967e-01,
        -3.33509028e-01],
       [-1.02641785e+00,  3.02016497e-01,  2.62022972e-01,
         1.02965824e-01, -4.94808584e-01,  1.63426161e-01,
         5.63710183e-02, -1.26919255e-01,  2.48830020e-01,
        -6.50624096e-01],
       [-3.17496389e-01, -6.61485076e-01, -7.91781008e-01,
        -6.92590833e-01, -1.92932069e-01, -3.13334107e-01,
         6.15217745e-01, -1.18027639e+00, -6.27001584e-01,
        -7.41283596e-01],
       [-2.94658750e-01, -2.90957570e-01, -1.39110908e-01,
        -9.81670260e-01,  3.26247007e-01, -2.64420435e-02,
         1.97053328e-01, -5.16341448e-01,  6.61402270e-02,
        -7.57856250e-01],
       [ 2.09781557e-01, -1.06494598e-01,  1.19232349e-01,
        -2.88123459e-01, -2.41177544e-01, -3.45176935e-01,
        -2.30292693e-01, -1.17928823e-02,  8.06705952e-02,
        -6.57318830e-01],
       [-5.70576906e-01, -5.45841046e-02,  2.89065391e-01,
         4.90421616e-02, -4.55706596e-01,  1.00587793e-01,
        -2.61214375e-01, -1.58604532e-01,  2.44649008e-01,
        -6.97263062e-01],
       [-6.84519410e-02,  1.80444747e-01,  2.28040114e-01,
         1.41970083e-01, -2.48430878e-01, -8.81050766e-01,
        -2.85823315e-01,  2.14879960e-01,  1.40254470e-02,
        -1.57653719e-01],
       [-5.68045139e-01,  1.03931502e-01,  2.01737255e-01,
         2.00089023e-01, -5.34074187e-01, -4.26443666e-01,
        -3.01607907e-01,  2.49063298e-01,  7.94675499e-02,
        -5.79513311e-01],
       [ 3.19332570e-01, -6.46975636e-01, -1.84041664e-01,
        -4.86968905e-01, -8.02315921e-02,  4.16403711e-01,
        -1.77825734e-01,  4.01712179e-01, -2.27958873e-01,
        -2.06432298e-01],
       [-9.08161886e-03,  1.69289961e-01, -4.37201858e-01,
        -2.98753679e-01,  9.35792029e-02, -3.18833321e-01,
        -6.49734795e-01,  1.92004874e-01, -4.16691750e-01,
         9.49909091e-02],
       [-1.71235114e-01,  1.66369677e-02, -1.58194438e-01,
         1.42499199e-02, -9.89795402e-02,  1.69723019e-01,
        -2.97423471e-02, -1.47847816e-01, -2.09795773e-01,
         5.60956355e-03],
       [-6.46831393e-01, -7.47415841e-01, -2.86424845e-01,
         8.66923034e-02,  1.24851033e-01,  1.92237839e-01,
         2.94798911e-01,  2.47050762e-01,  1.36428952e-01,
        -3.33919346e-01],
       [-4.40043598e-01,  1.57138452e-01, -5.58027446e-01,
        -4.87092882e-01,  1.97376192e-01, -4.04448718e-01,
        -5.53050578e-01,  1.36796162e-01, -3.74451369e-01,
         1.15801707e-01],
       [ 2.10303999e-02, -6.51505947e-01, -2.12964997e-01,
        -3.44061196e-01, -8.96091461e-02,  2.31203228e-01,
        -1.26473412e-01,  2.48215616e-01, -6.02288008e-01,
         2.12004587e-01],
       [ 1.41724393e-01, -1.12668371e+00, -6.87431812e-01,
        -3.93290341e-01, -4.52987611e-01,  3.20638806e-01,
         3.46722037e-01, -5.02764404e-01, -9.01190192e-03,
        -1.02867462e-01],
       [-1.77882522e-01,  1.28674343e-01,  1.56407788e-01,
         8.81504416e-02,  2.35548645e-01, -4.54300255e-01,
        -8.05969238e-01, -3.83264124e-01,  1.41904935e-01,
         2.42967531e-01],
       [-1.04557671e-01,  1.12802655e-01, -4.66817081e-01,
         1.99067174e-03, -6.05716109e-01, -3.89473706e-01,
        -1.00233507e+00,  2.18973041e-01, -2.18459055e-01,
         2.04514071e-01],
       [ 1.97010949e-01, -3.53160463e-02, -2.26063162e-01,
         6.93323165e-02, -4.25655454e-01,  1.28245160e-01,
         2.65659124e-01, -7.60170102e-01,  1.40422612e-01,
        -3.21065992e-01],
       [-3.42559479e-02, -6.89575493e-01, -5.42555451e-01,
        -4.47701216e-01, -2.17803761e-01, -4.22698259e-01,
        -4.14200634e-01,  3.41849446e-01, -4.26402032e-01,
        -3.79240781e-01],
       [-3.39309089e-02,  1.21044777e-01,  3.56640574e-03,
         2.05588490e-02, -1.45633915e-03, -5.20781837e-02,
        -2.74906218e-01, -8.02766234e-02, -2.45096758e-01,
        -1.90679386e-01],
       [-1.70242682e-01, -5.57257891e-01, -7.10161567e-01,
        -6.45419061e-01,  9.64716002e-02, -2.40497768e-01,
        -2.57346064e-01,  3.60089719e-01, -1.29461050e-01,
        -5.62755346e-01],
       [-5.75569570e-01,  1.99623317e-01, -5.01575470e-01,
         9.71122459e-02,  2.73058623e-01,  2.09369749e-01,
        -1.63572744e-01,  1.91708088e-01, -6.83617353e-01,
         1.79685891e-01],
       [-1.43007353e-01, -3.81024539e-01,  1.16527580e-01,
         1.21763982e-01,  1.19889617e-01,  1.49314972e-02,
         1.66422307e-01, -2.86808237e-02, -2.10180983e-01,
        -6.43829286e-01],
       [-8.29162359e-01,  2.68126093e-02, -3.16632897e-01,
         1.44296110e-01,  1.03493005e-01, -9.88918915e-02,
        -1.10157847e+00,  1.75651208e-01, -5.70957661e-01,
         1.84420973e-01],
       [ 1.15989201e-01,  1.32243946e-01,  1.24858543e-01,
        -1.89403147e-01,  1.54062118e-02,  1.10893715e-02,
         4.33469340e-02, -3.52077395e-01, -5.94836414e-01,
        -6.50716852e-03],
       [ 1.20351300e-01, -7.42806554e-01,  1.78961679e-01,
        -5.56427717e-01, -1.10117726e-01, -1.14279106e-01,
        -2.72227824e-01, -4.66082811e-01,  1.60698801e-01,
        -3.11896235e-01],
       [ 1.35908678e-01, -5.42703569e-01, -8.71158719e-01,
        -3.66735548e-01, -3.54541898e-01,  1.98016688e-01,
         3.42567563e-01, -3.59314054e-01, -9.63662863e-02,
        -6.90117702e-02],
       [ 1.96376607e-01, -1.60536969e+00, -5.96774034e-02,
        -5.80871582e-01,  1.06686071e-01, -2.46812001e-01,
        -3.76060337e-01,  1.48383826e-01,  1.02727063e-01,
         1.27393320e-01],
       [-5.73525012e-01, -2.27431864e-01, -4.63819861e-01,
        -2.81418234e-01,  1.60001978e-01,  2.23470390e-01,
        -1.17267571e-01,  1.58817783e-01,  8.70671570e-02,
         1.87830165e-01],
       [ 1.11869924e-01, -2.36227512e-02, -4.65753302e-02,
         4.41777930e-02, -1.04931474e-01,  1.00030966e-01,
        -1.02897882e-01, -5.93612157e-03, -2.36420706e-01,
        -6.51841387e-02],
       [-7.71472871e-01,  6.70531532e-03, -6.49466157e-01,
         1.78262979e-01,  1.82883754e-01, -1.23993438e-02,
        -7.94101179e-01, -1.09298855e-01,  1.18134066e-01,
         1.64819553e-01],
       [ 2.61887312e-01,  1.69225022e-01, -6.54337406e-01,
        -5.70790470e-01, -2.49545708e-01, -1.73278734e-01,
         1.40867129e-01,  3.31454203e-02,  1.25059754e-01,
        -4.76643980e-01]], dtype=float32), array([ 0.2785371 , -0.2843952 , -0.31728053, -0.23410162, -0.0883074 ,
       -0.18132223, -0.30114186, -0.20276718,  0.58350104,  0.41435304],
      dtype=float32)]