[array([[[[-0.00085611],
         [ 0.2656432 ]],

        [[ 0.11654118],
         [-0.05582407]],

        [[ 0.28032434],
         [-0.17974713]],

        [[ 0.19633964],
         [-0.39095718]],

        [[ 0.2722882 ],
         [ 0.09547939]]],


       [[[ 0.24273744],
         [-0.4826605 ]],

        [[ 0.64237666],
         [-0.4487289 ]],

        [[ 0.52512395],
         [ 0.17451489]],

        [[ 0.082344  ],
         [-0.44780582]],

        [[-0.07697169],
         [-0.22875671]]],


       [[[ 0.00376722],
         [ 0.35330236]],

        [[-0.03540877],
         [ 0.68744874]],

        [[-0.44223744],
         [ 0.3886486 ]],

        [[-0.69455796],
         [-0.38875094]],

        [[ 0.00356029],
         [ 0.12289935]]],


       [[[-0.2129855 ],
         [ 0.42390433]],

        [[-0.33588636],
         [ 0.11473956]],

        [[-0.45142415],
         [-0.14404951]],

        [[-0.32168186],
         [-0.13227482]],

        [[ 0.07003473],
         [ 0.16559164]]],


       [[[ 0.07451797],
         [ 0.04361093]],

        [[ 0.03393104],
         [-0.14749971]],

        [[-0.00222553],
         [-0.17330341]],

        [[-0.12496173],
         [ 0.08965049]],

        [[-0.1569215 ],
         [ 0.30745363]]]], dtype=float32), array([[[[-0.37559777,  0.7679892 , -0.72004265,  0.57630104],
         [-0.54496384,  0.37419426, -0.1460129 , -0.68879235]]]],
      dtype=float32), array([-0.2776194 ,  0.1265899 , -0.34572893, -0.2794879 ], dtype=float32)]