[array([[[[-0.0618234 ]],

        [[-0.04398894]],

        [[-0.04888197]],

        [[-0.01133533]],

        [[ 0.44278657]]],


       [[[-0.3608563 ]],

        [[-0.43316337]],

        [[-0.27547577]],

        [[-0.08568265]],

        [[-0.03272055]]],


       [[[-0.2255394 ]],

        [[-0.55304044]],

        [[-0.20809677]],

        [[-0.26333758]],

        [[ 0.1052204 ]]],


       [[[-0.22651088]],

        [[-0.43022314]],

        [[-0.27020255]],

        [[-0.17234018]],

        [[-0.0008308 ]]],


       [[[-0.09730467]],

        [[-0.04301317]],

        [[-0.02575766]],

        [[ 0.14285512]],

        [[ 0.2647217 ]]]], dtype=float32), array([[[[ 0.9629689 , -0.86582506]]]], dtype=float32), array([-0.11679059,  1.3687042 ], dtype=float32)]