[array([[[[-0.21187605],
         [ 0.02512632]],

        [[-0.2824379 ],
         [ 0.07967027]],

        [[-0.46505865],
         [ 0.14033839]],

        [[-0.44071093],
         [ 0.3139683 ]],

        [[-0.10741861],
         [ 0.19935395]]],


       [[[-0.2897431 ],
         [ 0.10982462]],

        [[-0.50803524],
         [-0.22812697]],

        [[-0.3285888 ],
         [-0.5251615 ]],

        [[ 0.26069394],
         [-0.46166316]],

        [[ 0.20940359],
         [-0.3299749 ]]],


       [[[-0.32558534],
         [-0.27195606]],

        [[-0.05198977],
         [-0.03922448]],

        [[ 0.47853115],
         [-0.07505354]],

        [[ 0.39156097],
         [-0.32766974]],

        [[-0.1525865 ],
         [-0.24467926]]],


       [[[ 0.14919205],
         [ 0.1820104 ]],

        [[ 0.3940434 ],
         [ 0.36541715]],

        [[ 0.259321  ],
         [ 0.16085342]],

        [[ 0.12553236],
         [-0.229595  ]],

        [[-0.01483778],
         [-0.37394488]]],


       [[[ 0.19071728],
         [ 0.3511354 ]],

        [[ 0.19858797],
         [ 0.05142155]],

        [[ 0.42918506],
         [-0.22057933]],

        [[ 0.3033289 ],
         [-0.18943034]],

        [[ 0.20604077],
         [-0.0360106 ]]]], dtype=float32), array([[[[ 0.15367793,  0.97864974, -1.1405092 , -0.20377527],
         [-1.1885648 , -0.5867546 ,  0.41212478, -1.0990512 ]]]],
      dtype=float32), array([-0.6583289 , -0.50468373,  0.11417574, -0.18814558], dtype=float32)]