[array([[[[ 0.58056384]],

        [[-0.09648275]],

        [[ 0.29204363]],

        [[-0.03432618]],

        [[-0.15040025]]],


       [[[ 0.3810581 ]],

        [[ 0.2293311 ]],

        [[ 0.12356433]],

        [[-0.02769345]],

        [[-0.50937235]]],


       [[[ 0.37908897]],

        [[ 0.64641446]],

        [[ 0.02988702]],

        [[-0.14722261]],

        [[-0.43965176]]],


       [[[-0.02769249]],

        [[ 0.9353304 ]],

        [[-0.11575939]],

        [[-0.2620838 ]],

        [[-0.30088174]]],


       [[[ 0.26717943]],

        [[ 0.6603321 ]],

        [[-0.01350205]],

        [[-0.22332864]],

        [[-0.20125651]]]], dtype=float32), array([[[[-1.3599943,  0.7071964]]]], dtype=float32), array([-0.36418024,  0.16628082], dtype=float32)]