[array([[-4.90099698e-01,  1.12190926e-02,  1.09129317e-01,
         1.42296910e-01,  4.78242189e-02,  1.20103158e-01,
         6.63346127e-02, -1.96933344e-01,  1.88409716e-01,
        -4.86116022e-01],
       [ 1.31048456e-01,  2.29668409e-01, -6.53200448e-02,
         5.41066639e-02, -1.52046993e-01, -9.73167345e-02,
         5.43352887e-02,  1.48387149e-01,  3.69771086e-02,
        -3.91029805e-01],
       [-1.22318782e-01, -8.95258561e-02, -3.25225204e-01,
         1.83859900e-01, -6.46075457e-02, -1.39274657e-01,
        -1.76407233e-01, -1.52611211e-01,  8.58502984e-02,
        -7.23880082e-02],
       [-1.64039135e-01,  3.55176866e-01,  2.49999017e-01,
         2.01875031e-01,  2.80365467e-01, -6.60381556e-01,
        -5.54530144e-01,  7.36522079e-02,  5.54313511e-02,
        -1.40394932e-02],
       [-8.66583824e-01,  3.78497779e-01, -6.11873448e-01,
        -5.76407671e-01,  3.57044697e-01,  1.46599084e-01,
        -7.44247794e-01,  3.44480366e-01, -2.65173227e-01,
         2.94041038e-01],
       [-2.54102081e-01, -2.53795218e-02, -7.07347468e-02,
        -2.26357713e-01, -1.62413009e-02,  1.05224468e-01,
        -2.27169171e-01, -1.86944734e-02,  2.01274067e-01,
        -3.38404290e-02],
       [-3.76346558e-01, -8.64100233e-02,  2.82563478e-01,
        -5.85956499e-02, -5.57029061e-02, -3.07659268e-01,
        -2.20273957e-01, -2.07030624e-01,  2.76491463e-01,
         2.46882200e-01],
       [ 1.30846620e-01, -4.29278016e-01,  6.50181398e-02,
        -1.70017824e-01, -2.96310824e-03,  6.36539236e-02,
         2.83343524e-01, -2.04648942e-01,  4.36864607e-02,
         1.52461469e-01],
       [ 1.12577649e-02, -5.46771526e-01, -2.13090435e-01,
         2.35718697e-01, -6.28330588e-01,  2.63063759e-01,
        -2.61498928e-01, -2.07453489e-01,  2.14333117e-01,
         4.39978167e-02],
       [-3.33203256e-01,  9.07767937e-02,  7.58151174e-01,
        -2.11651325e-01, -4.58577067e-01, -1.93735331e-01,
        -1.06508166e-01,  1.65767153e-03, -6.39023900e-01,
        -1.56500310e-01],
       [-1.14815302e-01,  1.05046645e-01, -3.11451882e-01,
         4.15153742e-01,  2.80028403e-01, -2.32373551e-01,
        -1.32608950e-01,  1.14926137e-01, -3.34032297e-01,
        -2.67694592e-01],
       [-1.42952025e-01, -1.56706631e-01,  3.17671239e-01,
        -2.14145675e-01,  5.42102121e-02, -1.40119404e-01,
         2.83207536e-01,  1.05323121e-01, -4.49187048e-02,
         5.75403720e-02],
       [ 4.54559177e-01, -2.10703351e-02, -4.28467512e-01,
         8.59374851e-02,  6.66793063e-02, -2.15801910e-01,
        -5.48179984e-01,  1.85282230e-01, -3.28438426e-03,
         4.44636434e-01],
       [ 2.47437116e-02,  5.85514009e-01, -5.60404122e-01,
        -5.55795550e-01, -6.44745648e-01,  1.18185975e-01,
        -1.31583601e-01, -5.39325058e-01,  2.78407753e-01,
         3.10096502e-01],
       [-3.83429408e-01, -1.07373357e-01, -2.72089332e-01,
        -5.53427517e-01,  3.79911155e-01,  5.01200706e-02,
        -1.80358350e-01,  2.66944617e-01, -2.99796849e-01,
         1.79513603e-01],
       [-5.43572940e-02,  1.23178929e-01, -9.06340480e-02,
         2.97970288e-02, -2.85765648e-01, -1.72683358e-01,
        -5.52227758e-02, -1.65937513e-01,  7.51201287e-02,
         5.28614968e-02],
       [-1.10183753e-01, -1.18656151e-01, -2.90207535e-01,
         4.25505973e-02, -1.10749513e-01, -1.86390325e-01,
        -1.23559892e-01, -4.51767966e-02, -3.41968298e-01,
         1.75606683e-01],
       [ 5.44823296e-02, -6.93736821e-02, -1.51967898e-01,
        -1.00533985e-01, -1.14020154e-01, -1.00224756e-01,
         1.31697878e-01, -1.35892048e-01,  2.46316940e-02,
        -1.81088924e-01],
       [-8.98362845e-02, -5.59059680e-01, -3.95603776e-02,
         8.62806514e-02, -6.17848933e-01,  5.09345353e-01,
        -6.89756095e-01, -5.21007180e-02,  5.73340833e-01,
        -2.60826379e-01],
       [ 1.82849973e-01, -3.87801207e-03, -3.52190107e-01,
         1.13306232e-01,  1.25637934e-01, -2.00634956e-01,
         4.31773394e-01, -4.49972719e-01, -4.55209017e-01,
         2.87874546e-02],
       [ 8.55385289e-02,  2.10392699e-01,  1.82866544e-01,
        -1.78571999e-01, -3.50577712e-01, -8.57991576e-02,
         2.70349264e-01,  1.42804235e-01,  3.25450569e-01,
        -4.26865250e-01],
       [ 3.62541139e-01, -3.94201934e-01, -5.06776452e-01,
         1.42880216e-01, -3.76993924e-01,  2.04073921e-01,
         1.50072798e-01,  2.07757488e-01,  5.57239428e-02,
         3.17813843e-01],
       [ 7.97359943e-02, -5.60451508e-01, -7.31535256e-01,
         3.27592850e-01, -2.64370948e-01,  2.40240380e-01,
         9.47341248e-02, -1.07603453e-01,  6.89316466e-02,
        -2.20359206e-01],
       [ 3.21405590e-01,  3.61149669e-01, -2.00768426e-01,
        -6.40110970e-01, -1.31753027e-01, -8.26714039e-02,
        -1.99439302e-01, -1.81768984e-01, -2.09535658e-01,
        -2.50435770e-02],
       [ 6.69268146e-02,  4.39955816e-02, -5.05905092e-01,
        -4.74154592e-01,  3.19847912e-01,  7.34921023e-02,
         2.27900833e-01, -4.38318729e-01,  2.02098727e-01,
        -3.20323586e-01],
       [ 3.48736405e-01,  3.53232592e-01,  2.65659094e-01,
        -4.45893705e-01,  3.94695103e-02, -3.62825751e-01,
        -4.24781367e-02,  3.72360289e-01,  6.47641346e-02,
        -2.90072352e-01],
       [ 3.33320528e-01,  4.00533080e-01,  7.38824382e-02,
         2.63923645e-01, -2.17430964e-01, -2.18140468e-01,
         2.39210144e-01,  1.14814527e-01, -2.89518297e-01,
         5.21101020e-02],
       [-4.36542302e-01, -3.61067891e-01, -5.12275755e-01,
        -1.38566673e-01, -1.00120440e-01, -5.27223468e-01,
        -2.31280863e-01,  2.57519484e-01, -2.60559767e-01,
         3.28742713e-01],
       [ 2.60615468e-01, -1.39513865e-01, -2.51197908e-02,
         2.09579676e-01, -1.32786706e-01, -6.29057825e-01,
        -2.47270629e-01,  2.57184446e-01,  2.31734335e-01,
         2.93122113e-01],
       [-2.51603186e-01, -3.98233801e-01,  3.87115926e-01,
         1.35052204e-01, -2.93808907e-01,  4.17313665e-01,
        -1.07653534e+00,  1.49861321e-01,  2.82996483e-02,
         2.00018257e-01],
       [-4.15108353e-02, -6.05793670e-02,  1.85148150e-01,
         1.58506289e-01, -4.24045436e-02,  1.68185756e-01,
        -4.19908836e-02, -1.62938640e-01, -2.01202393e-01,
         2.30357662e-01],
       [-3.55733752e-01,  4.20113653e-02,  2.67509937e-01,
        -1.05137691e-01, -4.71943051e-01,  3.49862546e-01,
         2.50248641e-01, -4.74266633e-02,  1.01655796e-01,
        -2.56814808e-01],
       [ 2.97435760e-01, -6.61527038e-01,  1.32067561e-01,
         9.86796468e-02,  7.21562356e-02, -2.78014857e-02,
        -2.58415699e-01,  1.76498398e-01, -8.04105997e-02,
         1.45260140e-01],
       [ 4.82198559e-02,  1.13390461e-01, -5.63907698e-02,
        -2.33004391e-01,  2.76840091e-01,  4.00634855e-01,
         3.32145184e-01, -5.16255379e-01, -1.63266674e-01,
        -7.22592592e-01],
       [-6.59537315e-02, -4.33492541e-01, -4.24686432e-01,
         1.50471169e-04, -2.11318627e-01,  2.37744614e-01,
         4.65904623e-01, -1.12128079e-01,  2.06383228e-01,
        -2.57330209e-01],
       [-4.19431061e-01, -5.20661712e-01, -4.76430207e-01,
        -4.40345824e-01,  3.70711565e-01,  1.70689657e-01,
         3.36820006e-01, -6.23187870e-02,  3.14226359e-01,
         1.66077524e-01],
       [ 6.55583665e-02, -1.74870157e+00,  7.63467047e-03,
        -7.30036557e-01,  5.23321748e-01,  8.88282433e-02,
        -4.42448467e-01,  3.53090733e-01, -5.93449116e-01,
         5.30856363e-02],
       [ 1.49267152e-01,  1.27882197e-01,  2.21759707e-01,
         3.09244432e-02, -1.46246850e-01,  2.05228850e-01,
         4.47319984e-01, -5.85086718e-02, -6.55540526e-01,
        -9.94920172e-03],
       [-2.92383224e-01, -2.57777512e-01, -4.37029839e-01,
        -2.52112657e-01,  4.86688882e-01, -2.13739559e-01,
        -6.35970175e-01,  3.76212418e-01, -5.77144802e-01,
         6.48811579e-01],
       [-5.06276429e-01, -7.53155723e-02, -2.01811194e-01,
         1.52152464e-01, -2.52117723e-01, -9.60384309e-02,
        -5.11084318e-01, -4.85858083e-01,  1.54363573e-01,
         2.89030671e-01],
       [-3.30973864e-01, -9.87529904e-02, -5.71769550e-02,
        -1.84058785e-01,  1.62519574e-01, -4.31484044e-01,
         1.56190656e-02,  2.04904392e-01,  1.26370087e-01,
        -9.01667550e-02],
       [ 2.56137121e-02, -8.28254297e-02, -1.73204854e-01,
         2.29351997e-01,  8.80603790e-02,  4.29614127e-01,
        -8.23829845e-02,  1.67814866e-01, -4.25716847e-01,
        -7.13704824e-02],
       [ 2.88259089e-01,  1.57422036e-01, -1.06630407e-01,
        -3.24750662e-01, -2.66563416e-01,  1.32279351e-01,
         8.12688470e-02,  4.12995964e-02,  1.82853386e-01,
        -2.62688398e-02],
       [-7.59786308e-01, -3.07861358e-01, -5.19195139e-01,
         3.86296630e-01, -3.80824238e-01,  2.96040058e-01,
        -3.45740825e-01, -7.07132995e-01,  6.25706464e-02,
         2.21506223e-01],
       [-8.01921010e-01, -2.29336113e-01,  1.45556629e-01,
        -5.41843325e-02,  7.12492317e-02, -4.08835709e-02,
        -7.62111008e-01,  1.58568397e-01,  1.20418712e-01,
         5.82199246e-02],
       [-4.93220657e-01, -5.92997253e-01, -1.25845566e-01,
         5.26308455e-02,  1.89613283e-01, -3.38748723e-01,
         3.78083915e-01,  2.27924109e-01, -3.64440769e-01,
         3.87350887e-01],
       [-6.47847295e-01,  2.95549184e-01, -3.08928788e-01,
         2.25594521e-01,  1.90117639e-02, -7.48580741e-03,
        -5.39290369e-01,  2.37850994e-01, -3.42906535e-01,
         1.86408654e-01],
       [-7.36625612e-01,  1.76756401e-02,  1.68009788e-01,
         4.26672995e-01, -9.89476323e-01,  6.15553260e-01,
        -1.92082986e-01, -3.06035668e-01, -4.05048519e-01,
        -4.77322221e-01],
       [-3.39020729e-01, -1.45602167e-01,  9.35307741e-02,
         3.52233686e-02,  1.01106055e-01, -2.39134714e-01,
        -1.84514895e-01, -3.47096354e-01,  6.55641407e-02,
         3.02037913e-02],
       [ 1.07798576e-01,  2.55456001e-01, -1.19658113e-01,
        -9.08378586e-02, -2.03793440e-02,  2.42862374e-01,
         9.60848480e-02, -2.39465311e-01,  2.42765546e-01,
        -2.88084030e-01],
       [-7.11891353e-01,  6.71704337e-02,  5.60292482e-01,
         3.54559779e-01, -4.03671950e-01, -4.76812899e-01,
        -6.24931514e-01,  1.73546210e-01, -2.56052762e-01,
        -9.71164525e-01],
       [ 6.68484494e-02, -5.41413389e-03,  5.44379875e-02,
         4.42828536e-02,  1.91322729e-01,  7.91957751e-02,
        -5.66124439e-01,  7.09922314e-02,  2.16504857e-01,
         9.33245420e-02],
       [ 2.12951466e-01, -9.83667970e-02,  1.11623444e-02,
        -3.74291718e-01,  9.43858996e-02, -5.23380816e-01,
         7.16881827e-02, -3.24051470e-01,  4.58799861e-02,
        -1.63246691e-01],
       [ 1.36378348e-01,  1.86785936e-01,  7.87840635e-02,
         2.80918539e-01, -1.06664561e-01, -1.30239138e-02,
         2.10961372e-01, -5.60079098e-01,  1.50917575e-01,
         1.57467872e-01],
       [-5.55252135e-01, -6.10730410e-01, -4.12646830e-01,
         3.13157499e-01,  4.80003506e-02,  1.58894956e-01,
        -3.28580141e-01, -4.74951193e-02, -1.92282587e-01,
         4.11927402e-01],
       [-5.68426820e-03, -5.22949517e-01,  3.22013386e-02,
         6.95102066e-02, -2.19091669e-01, -1.38671882e-03,
        -8.02437142e-02, -4.18895096e-01,  4.86242145e-01,
        -6.18125200e-01],
       [-1.77011088e-01,  1.26440167e-01, -1.68113142e-01,
        -6.63278461e-01,  2.11910382e-01,  3.42067182e-01,
        -3.96252215e-01, -8.00281987e-02, -6.48051500e-01,
         2.45264202e-01],
       [-5.37241459e-01,  5.65372944e-01, -4.64600980e-01,
         3.89716588e-02,  4.60565358e-01,  3.13948900e-01,
         2.46470183e-01, -6.38839424e-01,  9.06002000e-02,
         1.98423862e-02],
       [-4.91536170e-01, -2.66726404e-01,  9.19496790e-02,
        -3.94041091e-01, -1.49998263e-01, -5.36231995e-01,
         3.70616704e-01,  3.72778535e-01, -5.61261237e-01,
        -4.50027645e-01],
       [-9.78112072e-02,  3.74925882e-02,  1.62666678e-01,
         3.87330890e-01, -3.84518445e-01,  4.04102206e-02,
         5.62802330e-02, -2.65683413e-01,  1.92327589e-01,
         2.40186937e-02],
       [-2.25748405e-01,  5.17337561e-01,  2.61048347e-01,
        -1.87726483e-01, -3.77531052e-01,  1.89337045e-01,
         6.79891035e-02,  1.74499199e-01, -6.15236938e-01,
        -1.76704198e-01],
       [ 3.32240820e-01, -8.25087309e-01,  3.49494606e-01,
        -5.08826301e-02, -2.25906700e-01, -3.10128201e-02,
        -7.63800889e-02, -8.73200715e-01, -8.07476044e-02,
         3.13348584e-02],
       [-1.40702814e-01,  6.19421434e-03,  3.88596207e-01,
         1.63565781e-02, -5.44174850e-01,  4.70527321e-01,
        -7.37833619e-01,  4.02544029e-02, -3.66416186e-01,
        -5.77625930e-02],
       [-4.87261117e-02,  4.72073182e-02, -7.50429481e-02,
         1.94411054e-01, -3.18459243e-01, -3.98944020e-01,
         3.91900055e-02,  6.64122820e-01, -5.00052512e-01,
        -6.64135158e-01]], dtype=float32), array([-0.01559307, -0.52069396,  0.09674429,  0.6123107 , -0.37529463,
        0.00622336, -0.37919763, -0.08490743,  0.21067008,  0.13738224],
      dtype=float32)]